0 0.83515625 0.83359375 0.025 0.03359375
0 0.79921875 0.83671875 0.02265625 0.03203125
0 0.8671875 0.8359375 0.0203125 0.03359375
0 0.54609375 0.83359375 0.0203125 0.03359375
5 0.9171875 0.82890625 0.0296875 0.046875
5 0.7484375 0.828125 0.0296875 0.0453125
1 0.7140625 0.82890625 0.02109375 0.0734375
4 0.95390625 0.83046875 0.02734375 0.0640625
2 0.4140625 0.82890625 0.0296875 0.0625
8 0.4609375 0.82421875 0.0359375 0.0640625
2 0.62890625 0.82890625 0.02734375 0.06953125
4 0.5796875 0.828125 0.0265625 0.0640625
3 0.4984375 0.828125 0.03203125 0.071875
7 0.6640625 0.828125 0.03359375 0.071875