0 0.6625 0.83046875 0.01796875 0.03359375
0 0.859375 0.82734375 0.01640625 0.03203125
0 0.58203125 0.8265625 0.01640625 0.0375
0 0.828125 0.82890625 0.015625 0.028125
5 0.89375 0.82109375 0.02734375 0.04140625
5 0.7765625 0.821875 0.025 0.046875
1 0.74453125 0.82265625 0.01796875 0.071875
6 0.97421875 0.81640625 0.0296875 0.0625
4 0.94140625 0.821875 0.0234375 0.05859375
2 0.45859375 0.821875 0.0203125 0.0734375
2 0.5359375 0.81953125 0.02109375 0.06953125
8 0.50390625 0.821875 0.025 0.0734375
7 0.69453125 0.821875 0.02734375 0.06640625
6 0.6140625 0.82109375 0.02734375 0.06796875