0 0.85078125 0.8265625 0.015625 0.0265625
0 0.8203125 0.828125 0.0140625 0.0265625
0 0.58828125 0.82734375 0.01875 0.03203125
0 0.665625 0.8265625 0.01875 0.03359375
5 0.7734375 0.82109375 0.0265625 0.04140625
8 0.88125 0.8171875 0.0296875 0.04921875
5 0.95703125 0.81875 0.0234375 0.04140625
3 0.54375 0.81796875 0.03125 0.0625
2 0.4640625 0.82109375 0.02734375 0.06796875
4 0.9265625 0.81953125 0.0203125 0.05859375
6 0.69609375 0.81796875 0.0296875 0.0625
8 0.5078125 0.8171875 0.03203125 0.0640625
1 0.74140625 0.82265625 0.02109375 0.06796875
3 0.61953125 0.81875 0.03203125 0.0640625