0 0.6984375 0.83671875 0.01640625 0.028125
1 0.74765625 0.83203125 0.02109375 0.0640625
1 0.66640625 0.83125 0.02109375 0.05859375
5 0.78046875 0.83046875 0.02734375 0.0453125
0 0.8296875 0.83984375 0.01640625 0.03046875
0 0.8640625 0.84140625 0.01875 0.03046875
1 0.584375 0.828125 0.01875 0.06015625
1 0.6171875 0.82890625 0.0203125 0.05859375
2 0.9453125 0.83515625 0.0265625 0.0625
2 0.45546875 0.82734375 0.02265625 0.0625
2 0.5359375 0.82890625 0.02265625 0.0625
8 0.97890625 0.83359375 0.03125 0.053125
8 0.5015625 0.82734375 0.02890625 0.0625
7 0.896875 0.83359375 0.03203125 0.06015625