0 0.81875 0.85390625 0.0140625 0.028125
1 0.65390625 0.83984375 0.01796875 0.0640625
1 0.96640625 0.84921875 0.015625 0.06015625
4 0.68671875 0.84375 0.0140625 0.06015625
1 0.8515625 0.8484375 0.015625 0.05859375
1 0.57578125 0.84140625 0.0203125 0.0640625
4 0.9328125 0.846875 0.015625 0.06015625
5 0.76875 0.84375 0.0234375 0.04140625
1 0.884375 0.8484375 0.01640625 0.0625
1 0.7359375 0.8421875 0.015625 0.06640625
2 0.446875 0.83359375 0.025 0.06796875
2 0.60859375 0.8390625 0.0265625 0.05859375
7 0.49375 0.83359375 0.0296875 0.0640625
6 0.52578125 0.83359375 0.02265625 0.06015625