0 0.5765625 0.8390625 0.0109375 0.028125
3 0.94609375 0.8359375 0.0234375 0.06015625
0 0.83828125 0.8421875 0.01171875 0.028125
0 0.80625 0.840625 0.01328125 0.03203125
5 0.7609375 0.8328125 0.0234375 0.04375
1 0.72890625 0.83515625 0.01640625 0.0625
5 0.50078125 0.83046875 0.0203125 0.04140625
2 0.45703125 0.82890625 0.01875 0.05859375
5 0.68359375 0.83125 0.02109375 0.03984375
2 0.6515625 0.83359375 0.0203125 0.0640625
4 0.53125 0.83203125 0.01328125 0.06015625
7 0.915625 0.83671875 0.0265625 0.06640625
3 0.86875 0.83515625 0.0265625 0.05859375
3 0.60625 0.83046875 0.025 0.05625