0 0.81640625 0.8578125 0.01328125 0.02421875
0 0.58515625 0.85859375 0.01328125 0.03046875
1 0.7390625 0.8515625 0.015625 0.05859375
5 0.92109375 0.846875 0.02109375 0.04140625
8 0.953125 0.8484375 0.025 0.06640625
5 0.69296875 0.85 0.02109375 0.03984375
4 0.615625 0.8515625 0.0140625 0.0625
5 0.76875 0.84921875 0.02109375 0.04140625
5 0.8765625 0.85 0.0234375 0.04375
2 0.4625 0.853125 0.0203125 0.06796875
8 0.50625 0.85078125 0.02265625 0.06796875
2 0.5390625 0.85078125 0.01875 0.0640625
2 0.84609375 0.8484375 0.02109375 0.05859375