0 0.58359375 0.83984375 0.01171875 0.03046875
0 0.8109375 0.84609375 0.0140625 0.02421875
0 0.84140625 0.846875 0.0140625 0.0265625
4 0.6125 0.83671875 0.015625 0.0625
4 0.6890625 0.8390625 0.015625 0.0625
1 0.659375 0.8359375 0.01640625 0.06015625
6 0.871875 0.8375 0.025 0.06015625
1 0.734375 0.8375 0.01640625 0.06015625
2 0.46328125 0.83125 0.01875 0.06640625
5 0.76484375 0.83671875 0.0203125 0.03984375
8 0.91875 0.83671875 0.02734375 0.0546875
2 0.5390625 0.8328125 0.01875 0.0625
6 0.9484375 0.8375 0.02109375 0.05625
8 0.50625 0.83203125 0.02265625 0.06796875