0 0.8734375 0.83984375 0.02265625 0.03359375
0 0.80625 0.840625 0.0234375 0.0359375
7 0.9546875 0.8265625 0.03125 0.07578125
0 0.55390625 0.8421875 0.01875 0.04375
1 0.8390625 0.8328125 0.025 0.06953125
7 0.91875 0.82734375 0.03359375 0.08125
1 0.72109375 0.8328125 0.0265625 0.0734375
5 0.46953125 0.83359375 0.0296875 0.04921875
5 0.75625 0.8328125 0.03125 0.05078125
3 0.50625 0.83125 0.03203125 0.0734375
2 0.421875 0.83359375 0.02734375 0.06796875
6 0.5890625 0.83203125 0.03203125 0.071875
2 0.63828125 0.83359375 0.02890625 0.071875
8 0.6734375 0.83203125 0.0359375 0.0640625