0 0.578125 0.8421875 0.01328125 0.0359375
0 0.8109375 0.8484375 0.0140625 0.028125
2 0.45546875 0.83203125 0.02265625 0.0640625
1 0.6078125 0.83515625 0.015625 0.06953125
1 0.73203125 0.84375 0.01640625 0.0640625
1 0.84140625 0.84453125 0.015625 0.05859375
5 0.7640625 0.83984375 0.02109375 0.04140625
7 0.5 0.828125 0.02890625 0.07890625
2 0.6546875 0.83671875 0.0234375 0.06640625
2 0.8734375 0.84375 0.02265625 0.05625
3 0.6859375 0.8359375 0.025 0.06015625
6 0.94921875 0.8421875 0.02265625 0.05859375
6 0.9171875 0.84140625 0.02734375 0.06015625
7 0.5328125 0.83125 0.025 0.0734375