0 0.5890625 0.85625 0.01328125 0.03046875
0 0.8171875 0.86015625 0.0109375 0.03046875
1 0.84765625 0.853125 0.01171875 0.0640625
1 0.740625 0.8546875 0.01875 0.0640625
5 0.69609375 0.85 0.0203125 0.046875
5 0.771875 0.85078125 0.0203125 0.0453125
1 0.66484375 0.8515625 0.015625 0.06640625
8 0.61953125 0.8484375 0.02734375 0.0625
2 0.925 0.8546875 0.02109375 0.0640625
8 0.5125 0.84921875 0.02265625 0.071875
6 0.87890625 0.853125 0.02109375 0.0640625
7 0.9546875 0.85390625 0.0234375 0.06640625
2 0.46953125 0.84609375 0.01796875 0.06640625
2 0.54453125 0.84609375 0.0203125 0.06640625