0 0.57734375 0.87890625 0.01171875 0.03359375
0 0.8046875 0.878125 0.0140625 0.03203125
1 0.83515625 0.871875 0.0203125 0.06796875
4 0.9109375 0.87109375 0.015625 0.06640625
1 0.60703125 0.871875 0.0140625 0.06796875
4 0.6828125 0.8734375 0.015625 0.06796875
1 0.728125 0.87109375 0.015625 0.06953125
2 0.45703125 0.87578125 0.01875 0.0640625
5 0.75859375 0.86953125 0.02265625 0.0453125
2 0.6515625 0.87109375 0.0203125 0.06640625
3 0.94140625 0.86796875 0.0265625 0.0640625
7 0.5 0.8734375 0.0265625 0.071875
7 0.53125 0.871875 0.025 0.07578125
0 0.86640625 0.871875 0.01875 0.03515625