0 0.853125 0.87421875 0.01796875 0.03203125
0 0.82109375 0.87421875 0.015625 0.03203125
0 0.66484375 0.86953125 0.015625 0.0375
1 0.696875 0.8625 0.01796875 0.07578125
5 0.775 0.86484375 0.02890625 0.05078125
1 0.74296875 0.8671875 0.01875 0.0734375
4 0.95859375 0.86796875 0.02265625 0.0640625
1 0.5859375 0.8609375 0.0203125 0.0734375
1 0.61875 0.8578125 0.02109375 0.06953125
2 0.4640625 0.85625 0.0234375 0.071875
7 0.50859375 0.8546875 0.0296875 0.06796875
7 0.8828125 0.86796875 0.02734375 0.06796875
7 0.92890625 0.86796875 0.0265625 0.071875
6 0.5390625 0.85546875 0.02265625 0.06953125