0 0.59140625 0.8375 0.01328125 0.03046875
0 0.84609375 0.8421875 0.01875 0.028125
0 0.81640625 0.840625 0.0140625 0.028125
1 0.696875 0.83515625 0.015625 0.05859375
5 0.51640625 0.828125 0.025 0.04140625
1 0.740625 0.83359375 0.0140625 0.06015625
1 0.878125 0.8375 0.01796875 0.053125
5 0.77109375 0.8328125 0.02265625 0.04375
2 0.66640625 0.83125 0.02109375 0.05859375
7 0.9515625 0.83515625 0.0265625 0.05859375
2 0.471875 0.828125 0.0203125 0.05625
3 0.54765625 0.82734375 0.0265625 0.05859375
9 0.6203125 0.82890625 0.01875 0.0625
3 0.92109375 0.8359375 0.0234375 0.06015625