0 0.80625 0.85078125 0.01640625 0.03046875
0 0.9140625 0.853125 0.0203125 0.03359375
0 0.83828125 0.853125 0.01875 0.03046875
1 0.94609375 0.84453125 0.01796875 0.0625
1 0.65390625 0.8390625 0.01875 0.06640625
5 0.76015625 0.84140625 0.02734375 0.0453125
1 0.57734375 0.84140625 0.01875 0.06796875
1 0.72890625 0.84453125 0.0203125 0.06953125
6 0.68359375 0.83984375 0.0234375 0.06015625
2 0.45859375 0.83671875 0.02265625 0.0625
2 0.60859375 0.83984375 0.0265625 0.06015625
7 0.86953125 0.8453125 0.03203125 0.0640625
6 0.5328125 0.8359375 0.025 0.0640625
7 0.5015625 0.83515625 0.0296875 0.06640625