1 0.94921875 0.8234375 0.015625 0.0546875
0 0.58671875 0.828125 0.01640625 0.0375
0 0.8140625 0.82890625 0.01328125 0.028125
0 0.6921875 0.82734375 0.015625 0.0359375
1 0.8734375 0.82421875 0.01640625 0.053125
1 0.7359375 0.8234375 0.01796875 0.06640625
1 0.66171875 0.82109375 0.01875 0.06015625
2 0.4671875 0.821875 0.02265625 0.06953125
3 0.91875 0.82109375 0.0234375 0.06015625
2 0.61875 0.81953125 0.02734375 0.06640625
5 0.7671875 0.821875 0.02265625 0.04375
3 0.54375 0.81875 0.0265625 0.0640625
8 0.51171875 0.81953125 0.0265625 0.06953125
2 0.84375 0.821875 0.02265625 0.05859375