2 0.43359375 0.778125 0.02734375 0.07734375
2 0.3390625 0.77734375 0.03125 0.07890625
8 0.3890625 0.78046875 0.034375 0.08125
8 0.396875 0.77734375 0.02734375 0.0828125
0 0.48671875 0.7890625 0.02109375 0.0375
0 0.7734375 0.79921875 0.01875 0.0359375
1 0.5265625 0.78671875 0.0265625 0.08671875
1 0.8109375 0.7953125 0.02109375 0.05859375
1 0.6765625 0.7859375 0.0203125 0.07734375
4 0.94375 0.7953125 0.01640625 0.06640625
5 0.71484375 0.7859375 0.03203125 0.0546875
2 0.85 0.79140625 0.0265625 0.0625
9 0.90390625 0.790625 0.0296875 0.071875
2 0.5828125 0.7859375 0.03203125 0.0890625
7 0.62109375 0.7828125 0.03828125 0.0828125