0 0.809375 0.846875 0.01640625 0.03046875
0 0.5703125 0.8453125 0.01171875 0.03046875
0 0.68125 0.8453125 0.01875 0.03046875
1 0.72890625 0.83984375 0.01875 0.071875
1 0.95390625 0.8421875 0.01796875 0.0625
1 0.6484375 0.8375 0.02109375 0.06015625
2 0.44609375 0.83984375 0.02265625 0.06796875
1 0.84140625 0.83984375 0.01796875 0.06796875
5 0.759375 0.83671875 0.0234375 0.04375
3 0.6015625 0.8390625 0.02734375 0.06640625
3 0.92109375 0.8390625 0.02734375 0.0625
3 0.5234375 0.8359375 0.0265625 0.0640625
8 0.87265625 0.8359375 0.0265625 0.06015625
8 0.49140625 0.8375 0.025 0.06796875