0 0.675 0.84375 0.0140625 0.03046875
0 0.8890625 0.83515625 0.015625 0.03203125
0 0.596875 0.84453125 0.0109375 0.0359375
0 0.8296875 0.83984375 0.0140625 0.0265625
1 0.70625 0.83515625 0.01640625 0.06640625
1 0.7515625 0.83515625 0.015625 0.0625
1 0.96171875 0.8265625 0.01640625 0.05625
2 0.5515625 0.83671875 0.01875 0.06640625
2 0.475 0.84375 0.01875 0.07578125
6 0.93125 0.82734375 0.02265625 0.05859375
5 0.78203125 0.83203125 0.02109375 0.04140625
8 0.51875 0.8390625 0.0234375 0.06953125
3 0.6265625 0.83671875 0.02265625 0.06640625
2 0.85859375 0.82890625 0.0203125 0.0625