0 0.6625 0.83515625 0.01328125 0.03203125
0 0.584375 0.8375 0.01171875 0.03359375
0 0.81875 0.83046875 0.015625 0.0265625
1 0.7390625 0.828125 0.01640625 0.0640625
1 0.69296875 0.8265625 0.01640625 0.0640625
5 0.7703125 0.8234375 0.0234375 0.04375
2 0.46328125 0.83046875 0.01875 0.071875
3 0.9578125 0.82109375 0.025 0.06015625
8 0.50703125 0.828125 0.0265625 0.071875
2 0.928125 0.821875 0.02734375 0.0625
6 0.8796875 0.821875 0.03125 0.05859375
2 0.5390625 0.82890625 0.01875 0.06640625
7 0.6140625 0.828125 0.02109375 0.06796875
3 0.8484375 0.8234375 0.0265625 0.05859375