0 0.9015625 0.83125 0.0140625 0.03203125
0 0.8375 0.8328125 0.015625 0.028125
0 0.9484375 0.83125 0.0140625 0.03203125
1 0.86875 0.8265625 0.02109375 0.06015625
0 0.59609375 0.83359375 0.01328125 0.03359375
6 0.9796875 0.82109375 0.0234375 0.06015625
1 0.75625 0.82890625 0.0203125 0.05859375
1 0.67578125 0.82890625 0.01796875 0.05859375
5 0.5140625 0.828125 0.02265625 0.04140625
6 0.6265625 0.82421875 0.0265625 0.06015625
5 0.7875 0.82578125 0.02265625 0.03984375
4 0.54609375 0.828125 0.01875 0.0640625
2 0.46640625 0.82734375 0.0203125 0.0546875
3 0.70859375 0.82421875 0.0265625 0.0640625