0 0.665625 0.8359375 0.01875 0.03359375
0 0.59296875 0.83671875 0.01640625 0.03203125
0 0.84375 0.84140625 0.0140625 0.0265625
0 0.81640625 0.83984375 0.015625 0.0265625
4 0.87421875 0.83515625 0.01796875 0.0546875
5 0.77109375 0.83203125 0.025 0.0453125
6 0.621875 0.82890625 0.02734375 0.0625
1 0.74140625 0.83515625 0.01796875 0.0625
8 0.69765625 0.83046875 0.02890625 0.053125
2 0.4734375 0.83125 0.0265625 0.06640625
6 0.94765625 0.83203125 0.0234375 0.06015625
8 0.5171875 0.82578125 0.02734375 0.05859375
3 0.54921875 0.82734375 0.02734375 0.05859375
7 0.91875 0.83359375 0.025 0.05625