0 0.60234375 0.8375 0.0140625 0.03046875
0 0.82890625 0.83203125 0.01796875 0.03046875
1 0.7546875 0.83203125 0.01875 0.06015625
1 0.85859375 0.82421875 0.01796875 0.06015625
3 0.709375 0.82890625 0.0265625 0.0546875
2 0.678125 0.82890625 0.0203125 0.05859375
5 0.9625 0.821875 0.02734375 0.05078125
5 0.784375 0.8265625 0.0234375 0.04140625
2 0.48203125 0.83203125 0.02109375 0.053125
5 0.5265625 0.83046875 0.0234375 0.04140625
3 0.5578125 0.828125 0.02734375 0.05625
3 0.8890625 0.82265625 0.025 0.05625
3 0.9328125 0.82265625 0.025 0.0640625
6 0.63125 0.828125 0.02734375 0.06015625