2 0.9671875 0.8234375 0.02265625 0.0625
0 0.8609375 0.83359375 0.01328125 0.03359375
6 0.9359375 0.82265625 0.0234375 0.06015625
0 0.59765625 0.83984375 0.01171875 0.03046875
0 0.83046875 0.83359375 0.01328125 0.03046875
1 0.75390625 0.83125 0.01640625 0.05859375
5 0.784375 0.828125 0.02109375 0.04140625
6 0.89140625 0.82421875 0.025 0.05625
5 0.70703125 0.82890625 0.02109375 0.03984375
2 0.475 0.83515625 0.01875 0.06640625
2 0.5515625 0.83203125 0.01796875 0.06015625
9 0.62890625 0.82890625 0.01640625 0.05859375
8 0.51953125 0.83203125 0.02265625 0.06796875