0 0.82109375 0.83046875 0.01328125 0.0265625
0 0.5859375 0.83125 0.0109375 0.028125
1 0.8515625 0.821875 0.015625 0.0546875
1 0.74140625 0.82265625 0.015625 0.0640625
0 0.69453125 0.83125 0.01328125 0.028125
5 0.77265625 0.82265625 0.02109375 0.04140625
4 0.8828125 0.821875 0.015625 0.05859375
5 0.5109375 0.82421875 0.02109375 0.0375
6 0.9609375 0.81796875 0.02265625 0.0546875
3 0.54140625 0.82109375 0.0234375 0.05625
5 0.61640625 0.82265625 0.02109375 0.04140625
2 0.465625 0.82421875 0.01875 0.053125
6 0.93046875 0.81953125 0.02265625 0.0546875
2 0.6640625 0.82265625 0.0203125 0.06015625