0 0.8140625 0.8484375 0.01328125 0.028125
0 0.8734375 0.84609375 0.01328125 0.028125
1 0.84375 0.840625 0.01796875 0.06640625
1 0.73671875 0.8453125 0.01875 0.06796875
5 0.7671875 0.840625 0.02265625 0.03984375
1 0.91875 0.83984375 0.0140625 0.06015625
1 0.5859375 0.84921875 0.0140625 0.06796875
2 0.9484375 0.8390625 0.0234375 0.0625
1 0.6609375 0.84609375 0.0140625 0.06640625
5 0.6921875 0.8421875 0.02265625 0.04375
2 0.61640625 0.84453125 0.0234375 0.0625
2 0.46640625 0.84921875 0.01875 0.0640625
8 0.509375 0.8453125 0.0265625 0.071875
2 0.54140625 0.84609375 0.0203125 0.06640625