0 0.83515625 0.8328125 0.01328125 0.028125
0 0.86484375 0.83203125 0.01796875 0.03046875
0 0.71640625 0.8390625 0.015625 0.028125
0 0.61015625 0.84375 0.0109375 0.03046875
1 0.93828125 0.8234375 0.02109375 0.0625
5 0.79140625 0.8265625 0.025 0.0453125
1 0.76015625 0.83046875 0.01796875 0.06796875
5 0.53359375 0.8375 0.0203125 0.0375
3 0.68515625 0.83125 0.025 0.05859375
2 0.8953125 0.8234375 0.0265625 0.05859375
3 0.96875 0.81875 0.0265625 0.05625
4 0.5640625 0.8375 0.0140625 0.0640625
2 0.4890625 0.8375 0.01796875 0.05625
3 0.6390625 0.83359375 0.0234375 0.06015625