0 0.82109375 0.8453125 0.01796875 0.03359375
0 0.8484375 0.8421875 0.015625 0.02421875
3 0.9453125 0.83671875 0.0265625 0.0546875
1 0.62734375 0.83359375 0.01875 0.06015625
0 0.71875 0.84140625 0.015625 0.03046875
3 0.875 0.8359375 0.0265625 0.06015625
8 0.78359375 0.83359375 0.025 0.053125
1 0.653125 0.83203125 0.01796875 0.05625
8 0.915625 0.83359375 0.0265625 0.04921875
1 0.75703125 0.83515625 0.01640625 0.0546875
7 0.5640625 0.83046875 0.025 0.06015625
2 0.52890625 0.83125 0.02109375 0.0625
6 0.590625 0.83125 0.02109375 0.05859375
2 0.69140625 0.83125 0.02109375 0.05859375