0 0.57578125 0.85859375 0.01796875 0.03359375
1 0.6046875 0.85078125 0.01875 0.06796875
0 0.8078125 0.8578125 0.0203125 0.03203125
0 0.68359375 0.85625 0.02109375 0.0375
0 0.8703125 0.859375 0.02109375 0.03203125
2 0.65078125 0.8515625 0.02734375 0.06953125
2 0.91484375 0.85078125 0.0296875 0.06015625
2 0.528125 0.8515625 0.0203125 0.0625
2 0.453125 0.853125 0.0203125 0.06796875
5 0.76015625 0.85078125 0.02734375 0.0453125
8 0.496875 0.85078125 0.02734375 0.06015625
1 0.72890625 0.85 0.02109375 0.06953125
3 0.83828125 0.8515625 0.03125 0.0625
8 0.95078125 0.8515625 0.034375 0.05078125