0 0.89375 0.8546875 0.0140625 0.0265625
0 0.6015625 0.85625 0.01328125 0.03046875
0 0.83359375 0.8546875 0.015625 0.0265625
5 0.96875 0.846875 0.0234375 0.0375
1 0.9390625 0.8484375 0.01640625 0.0546875
1 0.6796875 0.8484375 0.0140625 0.05859375
3 0.86484375 0.84609375 0.025 0.05078125
3 0.55546875 0.85 0.025 0.0625
5 0.78828125 0.84921875 0.0234375 0.04140625
4 0.63203125 0.85078125 0.01875 0.06015625
6 0.709375 0.846875 0.02109375 0.06015625
1 0.7578125 0.8515625 0.0203125 0.0625
2 0.4765625 0.8515625 0.01796875 0.06640625
8 0.52265625 0.85 0.0234375 0.06640625