0 0.8109375 0.8328125 0.01328125 0.028125
0 0.57890625 0.828125 0.015625 0.0375
2 0.9484375 0.82578125 0.02109375 0.05859375
1 0.6875 0.82109375 0.015625 0.06796875
1 0.9171875 0.82421875 0.01796875 0.0640625
9 0.60859375 0.81875 0.01796875 0.07890625
9 0.8734375 0.8234375 0.01875 0.06953125
5 0.76484375 0.82578125 0.02265625 0.046875
0 0.65625 0.828125 0.01875 0.0375
1 0.73359375 0.82734375 0.01796875 0.0734375
2 0.45625 0.82109375 0.02265625 0.07578125
2 0.53359375 0.82109375 0.02109375 0.071875
5 0.8421875 0.82578125 0.02265625 0.05078125
8 0.50078125 0.81875 0.025 0.07578125