0 0.59609375 0.846875 0.01328125 0.03046875
0 0.81796875 0.84453125 0.01171875 0.02421875
4 0.87578125 0.8390625 0.015625 0.0546875
1 0.74453125 0.8421875 0.015625 0.05859375
1 0.66953125 0.8375 0.015625 0.0640625
5 0.69921875 0.8375 0.0203125 0.04140625
5 0.7734375 0.83671875 0.0203125 0.03984375
2 0.846875 0.83515625 0.01796875 0.05078125
9 0.625 0.8390625 0.01640625 0.0625
2 0.47890625 0.84375 0.01875 0.0640625
6 0.91875 0.83359375 0.0203125 0.05625
8 0.9484375 0.83203125 0.02109375 0.053125
2 0.55234375 0.83984375 0.01875 0.06015625
8 0.52109375 0.8421875 0.02265625 0.06640625