0 0.85078125 0.82265625 0.01796875 0.03046875
0 0.88203125 0.82265625 0.02109375 0.0265625
0 0.8203125 0.821875 0.0140625 0.028125
1 0.95859375 0.8109375 0.01796875 0.06796875
0 0.69609375 0.82421875 0.01875 0.0375
1 0.5890625 0.82421875 0.01796875 0.06796875
5 0.77265625 0.81640625 0.0265625 0.046875
1 0.7421875 0.81796875 0.0203125 0.06953125
2 0.54375 0.82578125 0.02265625 0.06640625
2 0.66484375 0.821875 0.02734375 0.06953125
2 0.4671875 0.82734375 0.02265625 0.06953125
2 0.6203125 0.82265625 0.02890625 0.06796875
7 0.9265625 0.8125 0.0296875 0.06953125
8 0.5109375 0.8234375 0.02734375 0.06640625