0 0.8109375 0.828125 0.0109375 0.02265625
0 0.840625 0.82578125 0.01171875 0.02421875
0 0.65859375 0.82890625 0.0109375 0.028125
0 0.58125 0.82890625 0.0109375 0.028125
0 0.91796875 0.82578125 0.01171875 0.028125
5 0.6890625 0.82109375 0.01875 0.0375
5 0.6125 0.821875 0.0203125 0.03984375
8 0.871875 0.81875 0.02265625 0.04921875
1 0.734375 0.82265625 0.0140625 0.05625
2 0.4609375 0.82421875 0.01796875 0.0640625
5 0.76640625 0.82109375 0.0203125 0.0375
2 0.94765625 0.81875 0.01640625 0.0640625
2 0.53671875 0.821875 0.01875 0.0625
8 0.50390625 0.821875 0.02265625 0.0625