0 0.64609375 0.89609375 0.0203125 0.03046875
1 0.67734375 0.89140625 0.01875 0.06640625
0 0.59609375 0.89453125 0.01875 0.04140625
1 0.5625 0.8875 0.01796875 0.06953125
1 0.725 0.8921875 0.02109375 0.06796875
0 0.80625 0.9015625 0.01875 0.03046875
5 0.7578125 0.89375 0.02734375 0.04375
9 0.8375 0.89453125 0.025 0.06015625
3 0.9484375 0.8953125 0.02890625 0.05859375
2 0.5171875 0.8859375 0.0203125 0.06953125
2 0.43828125 0.8828125 0.02109375 0.071875
3 0.87109375 0.8953125 0.03125 0.05859375
6 0.91640625 0.8953125 0.02734375 0.0546875
8 0.4828125 0.88203125 0.02734375 0.0734375