0 0.82265625 0.84453125 0.0140625 0.03203125
4 0.95859375 0.83125 0.01875 0.0625
8 0.92890625 0.83046875 0.0265625 0.05625
4 0.8828125 0.83359375 0.01796875 0.0640625
1 0.746875 0.840625 0.01796875 0.0625
1 0.8515625 0.8359375 0.01796875 0.06015625
5 0.7765625 0.83671875 0.02109375 0.04375
1 0.6265625 0.84375 0.01875 0.06796875
1 0.70234375 0.8390625 0.01640625 0.0625
1 0.671875 0.840625 0.01796875 0.0625
7 0.5203125 0.8421875 0.02890625 0.06640625
2 0.47890625 0.846875 0.02109375 0.06796875
1 0.59609375 0.8453125 0.0203125 0.06796875
6 0.54921875 0.84375 0.02265625 0.06796875