0 0.81953125 0.84140625 0.015625 0.03046875
0 0.8796875 0.8390625 0.01640625 0.0359375
1 0.8515625 0.83515625 0.0234375 0.0625
4 0.95625 0.83359375 0.01796875 0.0640625
2 0.6640625 0.83203125 0.0234375 0.0640625
1 0.61796875 0.828125 0.01875 0.0640625
1 0.74140625 0.8359375 0.01796875 0.0640625
5 0.77265625 0.8328125 0.0234375 0.04375
3 0.69609375 0.83046875 0.0265625 0.05625
8 0.92578125 0.8328125 0.02734375 0.0546875
1 0.58671875 0.82578125 0.02109375 0.0625
8 0.509375 0.8234375 0.03125 0.0625
2 0.54140625 0.82421875 0.0265625 0.0640625
2 0.46484375 0.8234375 0.0203125 0.06640625