0 0.8109375 0.86015625 0.01328125 0.0265625
1 0.84140625 0.8546875 0.015625 0.06015625
0 0.57890625 0.8546875 0.0109375 0.0265625
2 0.87265625 0.8546875 0.02109375 0.05625
2 0.94765625 0.85390625 0.01875 0.05859375
4 0.91875 0.85546875 0.015625 0.06640625
5 0.76484375 0.85078125 0.0203125 0.0375
1 0.73359375 0.85390625 0.0140625 0.05859375
5 0.61015625 0.846875 0.0203125 0.0375
5 0.68828125 0.84921875 0.02109375 0.0375
2 0.45859375 0.84453125 0.01875 0.05859375
8 0.5015625 0.8453125 0.02265625 0.06015625
2 0.53359375 0.84609375 0.01875 0.05859375
2 0.65703125 0.84921875 0.01875 0.05625