0 0.85 0.8359375 0.01640625 0.03046875
0 0.81875 0.8359375 0.01171875 0.0265625
0 0.58515625 0.840625 0.01328125 0.0359375
1 0.73984375 0.8328125 0.015625 0.06640625
2 0.4640625 0.83203125 0.01796875 0.06796875
1 0.6609375 0.83359375 0.015625 0.0640625
5 0.95859375 0.8265625 0.02109375 0.04140625
5 0.77109375 0.82890625 0.02109375 0.04375
4 0.9265625 0.82734375 0.015625 0.05859375
2 0.69375 0.8328125 0.02265625 0.06640625
2 0.615625 0.83359375 0.02109375 0.06796875
8 0.50703125 0.83203125 0.0234375 0.071875
2 0.5390625 0.83203125 0.01875 0.0640625
2 0.88125 0.828125 0.02109375 0.06015625