0 0.590625 0.840625 0.01640625 0.03984375
0 0.6703125 0.8375 0.01640625 0.03359375
1 0.62265625 0.83203125 0.01875 0.06796875
0 0.83125 0.8359375 0.02265625 0.03359375
1 0.7015625 0.83203125 0.01796875 0.06796875
1 0.7515625 0.83359375 0.02109375 0.071875
5 0.7828125 0.83046875 0.0296875 0.0453125
3 0.54296875 0.8328125 0.0265625 0.0625
9 0.97890625 0.828125 0.025 0.06015625
8 0.94375 0.82734375 0.03359375 0.05859375
3 0.8984375 0.83125 0.03125 0.06640625
8 0.509375 0.83125 0.02890625 0.06640625
2 0.4640625 0.8359375 0.02265625 0.06796875
8 0.8640625 0.828125 0.03125 0.05625