0 0.81328125 0.86484375 0.01640625 0.03203125
0 0.92109375 0.86640625 0.01796875 0.03046875
6 0.95 0.85546875 0.0234375 0.05859375
1 0.84296875 0.8578125 0.01875 0.0625
1 0.65390625 0.853125 0.0140625 0.0640625
1 0.6078125 0.85078125 0.01796875 0.05625
1 0.5765625 0.85078125 0.01640625 0.05625
1 0.734375 0.8578125 0.01875 0.0625
5 0.6859375 0.85390625 0.025 0.04375
2 0.45078125 0.8484375 0.0203125 0.0625
5 0.76484375 0.8546875 0.02265625 0.04140625
8 0.87421875 0.85546875 0.02734375 0.05859375
8 0.49609375 0.84921875 0.0265625 0.06015625
2 0.5296875 0.84921875 0.02109375 0.06015625