0 0.82109375 0.8359375 0.01328125 0.03046875
1 0.95703125 0.82890625 0.01640625 0.0625
1 0.84921875 0.82890625 0.01328125 0.0625
1 0.62421875 0.82890625 0.01796875 0.05859375
8 0.92734375 0.82578125 0.0234375 0.05859375
1 0.7453125 0.83203125 0.01875 0.06015625
5 0.77421875 0.828125 0.02265625 0.0453125
3 0.70078125 0.82734375 0.025 0.06640625
1 0.67109375 0.82890625 0.01640625 0.05859375
1 0.59609375 0.83203125 0.01796875 0.0640625
4 0.8796875 0.82734375 0.0140625 0.0625
7 0.51875 0.8265625 0.02890625 0.0640625
6 0.5484375 0.8265625 0.0234375 0.0640625
2 0.4765625 0.828125 0.02109375 0.0640625