0 0.878125 0.83125 0.015625 0.02421875
0 0.68828125 0.83046875 0.01640625 0.03359375
0 0.60703125 0.82734375 0.01640625 0.0359375
0 0.8484375 0.83125 0.015625 0.028125
5 0.8015625 0.81875 0.0265625 0.0453125
5 0.52890625 0.81484375 0.0265625 0.0453125
5 0.97421875 0.8171875 0.0203125 0.0375
4 0.63984375 0.81953125 0.0203125 0.06640625
3 0.5609375 0.81640625 0.02734375 0.06640625
6 0.9421875 0.8171875 0.02265625 0.06015625
9 0.72109375 0.8171875 0.02265625 0.06796875
1 0.76796875 0.82109375 0.02109375 0.0640625
2 0.4796875 0.8171875 0.01875 0.0640625
3 0.9125 0.81796875 0.02265625 0.05859375