0 0.5734375 0.83984375 0.01328125 0.03046875
0 0.6515625 0.840625 0.01328125 0.028125
0 0.80625 0.8421875 0.01328125 0.028125
5 0.946875 0.8375 0.02265625 0.04140625
1 0.72890625 0.8390625 0.01875 0.0625
1 0.8359375 0.83671875 0.015625 0.0546875
4 0.86875 0.83671875 0.015625 0.0625
5 0.75859375 0.83515625 0.02265625 0.03984375
8 0.6046875 0.83125 0.02890625 0.0546875
3 0.68203125 0.8359375 0.0265625 0.06015625
2 0.45234375 0.83046875 0.01640625 0.06796875
4 0.915625 0.83984375 0.01640625 0.06015625
8 0.49765625 0.82890625 0.0234375 0.06953125
2 0.52890625 0.83046875 0.01875 0.06796875