0 0.6515625 0.85390625 0.0109375 0.028125
0 0.80859375 0.85859375 0.0140625 0.03046875
0 0.84140625 0.85859375 0.01796875 0.03046875
0 0.5734375 0.8515625 0.01328125 0.028125
4 0.94765625 0.8515625 0.01875 0.06640625
1 0.871875 0.8515625 0.01796875 0.0625
1 0.72890625 0.8515625 0.015625 0.06640625
3 0.6828125 0.8484375 0.025 0.0625
5 0.7609375 0.85 0.0234375 0.04375
8 0.915625 0.85 0.0265625 0.05859375
4 0.60390625 0.8484375 0.015625 0.0625
2 0.45234375 0.840625 0.01875 0.0625
2 0.52890625 0.8421875 0.01875 0.06640625
8 0.49609375 0.840625 0.025 0.06953125