0 0.8515625 0.83515625 0.02109375 0.04375
0 0.66875 0.83515625 0.02265625 0.03984375
0 0.58984375 0.8359375 0.01796875 0.04140625
0 0.81953125 0.8359375 0.0203125 0.0453125
1 0.95859375 0.82578125 0.025 0.07734375
3 0.88125 0.828125 0.03125 0.07578125
2 0.4703125 0.83203125 0.0265625 0.0640625
3 0.5484375 0.83125 0.03203125 0.0734375
1 0.7421875 0.8265625 0.02265625 0.07890625
5 0.77578125 0.8265625 0.03203125 0.05625
7 0.925 0.82109375 0.0359375 0.07890625
5 0.5140625 0.83125 0.02890625 0.0546875
8 0.621875 0.828125 0.0296875 0.06796875
2 0.69921875 0.82890625 0.0296875 0.0734375