0 0.85390625 0.83515625 0.01640625 0.028125
0 0.8234375 0.83515625 0.01640625 0.028125
0 0.5859375 0.8421875 0.0140625 0.0359375
1 0.8859375 0.82421875 0.01875 0.05625
1 0.66640625 0.83125 0.0203125 0.06640625
5 0.7765625 0.82890625 0.025 0.04375
2 0.9609375 0.82109375 0.02109375 0.0640625
1 0.74453125 0.83359375 0.0203125 0.0640625
2 0.61875 0.83359375 0.025 0.06796875
2 0.4640625 0.83359375 0.01875 0.06796875
6 0.696875 0.83046875 0.025 0.0640625
2 0.540625 0.83359375 0.02109375 0.0640625
3 0.93046875 0.821875 0.025 0.0625
8 0.50859375 0.8328125 0.0265625 0.06953125