0 0.8765625 0.8328125 0.015625 0.028125
0 0.8109375 0.8328125 0.01640625 0.028125
0 0.5578125 0.83046875 0.015625 0.03046875
0 0.64140625 0.83125 0.0140625 0.0359375
1 0.84375 0.828125 0.0234375 0.06015625
1 0.72421875 0.82890625 0.0203125 0.06640625
4 0.92578125 0.8234375 0.01796875 0.05859375
5 0.7578125 0.82578125 0.025 0.04375
6 0.6734375 0.82265625 0.02734375 0.0640625
9 0.590625 0.821875 0.0234375 0.06640625
2 0.42890625 0.82265625 0.02109375 0.071875
2 0.50859375 0.8234375 0.0203125 0.06640625
7 0.95859375 0.8234375 0.02734375 0.0625
8 0.475 0.8234375 0.0234375 0.06953125