0 0.60078125 0.840625 0.015625 0.0359375
0 0.871875 0.840625 0.015625 0.028125
0 0.83984375 0.8390625 0.015625 0.028125
5 0.7921875 0.8328125 0.025 0.03984375
2 0.4734375 0.83359375 0.01875 0.06796875
1 0.75859375 0.8359375 0.0203125 0.0640625
6 0.71171875 0.83046875 0.0265625 0.06015625
9 0.90390625 0.83125 0.02265625 0.0625
2 0.68046875 0.83203125 0.025 0.0640625
6 0.63125 0.83046875 0.02734375 0.0640625
6 0.98203125 0.82890625 0.0234375 0.0546875
2 0.55390625 0.8328125 0.0203125 0.06953125
7 0.95078125 0.83203125 0.02734375 0.05625
8 0.5203125 0.83125 0.0234375 0.06953125