0 0.69375 0.8140625 0.015625 0.0359375
0 0.81875 0.8171875 0.01640625 0.03359375
0 0.85 0.82109375 0.01875 0.0375
0 0.58515625 0.8109375 0.01328125 0.0375
1 0.6609375 0.80390625 0.01796875 0.0640625
1 0.9609375 0.81328125 0.0203125 0.0640625
5 0.771875 0.80625 0.02734375 0.05078125
1 0.73984375 0.80859375 0.02265625 0.0734375
2 0.46484375 0.8046875 0.025 0.0734375
4 0.61640625 0.80390625 0.01796875 0.0640625
3 0.54140625 0.8015625 0.0296875 0.071875
6 0.92734375 0.8078125 0.0265625 0.06796875
5 0.51015625 0.8 0.025 0.053125
2 0.88203125 0.809375 0.0234375 0.06796875