0 0.821875 0.83671875 0.015625 0.0359375
0 0.665625 0.83671875 0.01640625 0.03984375
1 0.6203125 0.83046875 0.02109375 0.0640625
1 0.5890625 0.83203125 0.01875 0.06796875
1 0.884375 0.83046875 0.01875 0.053125
5 0.7734375 0.82890625 0.0234375 0.04375
6 0.69609375 0.82578125 0.0265625 0.0625
1 0.92890625 0.82890625 0.01640625 0.05859375
1 0.7421875 0.83125 0.0203125 0.06640625
5 0.959375 0.828125 0.02109375 0.0453125
2 0.46875 0.83125 0.02109375 0.0625
7 0.51171875 0.82734375 0.02890625 0.06640625
2 0.853125 0.83203125 0.02265625 0.0640625
6 0.54375 0.82890625 0.025 0.0625