0 0.575 0.85859375 0.0140625 0.03359375
0 0.81171875 0.859375 0.0140625 0.02421875
0 0.684375 0.8578125 0.0140625 0.03203125
1 0.87421875 0.85546875 0.01796875 0.0546875
1 0.60625 0.85078125 0.0140625 0.06796875
1 0.73125 0.85078125 0.01796875 0.06796875
5 0.7640625 0.8515625 0.025 0.04375
3 0.84296875 0.853125 0.02890625 0.05625
2 0.45234375 0.85078125 0.01875 0.06796875
2 0.65234375 0.8515625 0.02109375 0.06640625
2 0.52890625 0.85 0.01875 0.06640625
8 0.49609375 0.8484375 0.0234375 0.06640625
8 0.95234375 0.85078125 0.0234375 0.053125
6 0.9203125 0.8515625 0.0234375 0.05859375