6 0.95859375 0.85859375 0.02890625 0.06015625
8 0.91328125 0.86015625 0.0234375 0.04921875
2 0.990625 0.86015625 0.01875 0.06015625
2 0.8796875 0.86015625 0.0234375 0.06015625
3 0.71875 0.85625 0.034375 0.06015625
5 0.796875 0.8609375 0.0296875 0.03984375
2 0.55625 0.859375 0.02734375 0.0625
1 0.765625 0.859375 0.02109375 0.0625
0 0.8453125 0.86796875 0.01875 0.0265625
0 0.6015625 0.8671875 0.02109375 0.03203125
1 0.63515625 0.85859375 0.025 0.06015625
2 0.68359375 0.85859375 0.02890625 0.06796875
2 0.47890625 0.8609375 0.02890625 0.06953125
8 0.521875 0.85625 0.03203125 0.0640625