0 0.7125 0.8453125 0.0109375 0.03359375
0 0.60625 0.84140625 0.0140625 0.0375
0 0.93203125 0.85 0.0140625 0.0359375
0 0.83125 0.8484375 0.01328125 0.03203125
1 0.75625 0.8375 0.01328125 0.071875
1 0.96015625 0.84140625 0.01328125 0.0640625
7 0.8890625 0.8359375 0.02734375 0.06796875
1 0.859375 0.840625 0.0140625 0.0625
5 0.78671875 0.8390625 0.02109375 0.04375
3 0.559375 0.82734375 0.0234375 0.06953125
2 0.6375 0.83359375 0.0203125 0.071875
8 0.52734375 0.82734375 0.0234375 0.06953125
2 0.48203125 0.82734375 0.01875 0.0734375
2 0.68125 0.83515625 0.01796875 0.06953125