0 0.8859375 0.82890625 0.015625 0.03984375
0 0.6765625 0.8328125 0.0203125 0.03203125
0 0.82734375 0.8328125 0.01875 0.03203125
0 0.63125 0.83515625 0.01796875 0.03984375
1 0.70625 0.82578125 0.02109375 0.06640625
1 0.75078125 0.8265625 0.0203125 0.0640625
1 0.85703125 0.82578125 0.0234375 0.06640625
1 0.6015625 0.82734375 0.025 0.06640625
2 0.559375 0.82890625 0.0234375 0.0625
5 0.78125 0.8234375 0.0265625 0.04375
8 0.5265625 0.83046875 0.02890625 0.06015625
2 0.48359375 0.83203125 0.025 0.0640625
1 0.9609375 0.81796875 0.0203125 0.05859375
6 0.92890625 0.8171875 0.0234375 0.06015625