0 0.70078125 0.853125 0.01328125 0.0265625
0 0.6546875 0.8546875 0.0140625 0.03046875
0 0.88046875 0.8453125 0.01328125 0.0265625
1 0.6234375 0.8515625 0.01640625 0.0625
1 0.7765625 0.84453125 0.015625 0.05859375
8 0.9796875 0.83125 0.02109375 0.0546875
3 0.57734375 0.85 0.0234375 0.05859375
6 0.9078125 0.83359375 0.02265625 0.06015625
2 0.496875 0.85390625 0.01796875 0.0625
1 0.73203125 0.84375 0.01640625 0.06015625
5 0.80625 0.840625 0.0203125 0.03984375
5 0.5453125 0.853125 0.02109375 0.04140625
8 0.95078125 0.83125 0.02265625 0.0546875
0 0.8515625 0.84765625 0.015625 0.0265625