0 0.58359375 0.83984375 0.01328125 0.03359375
0 0.6609375 0.840625 0.0140625 0.03203125
1 0.7359375 0.83359375 0.015625 0.06796875
1 0.69140625 0.8328125 0.01640625 0.06640625
1 0.8140625 0.8359375 0.01640625 0.05625
1 0.6140625 0.83125 0.01640625 0.06640625
4 0.87421875 0.840625 0.01796875 0.0625
5 0.76875 0.83515625 0.02265625 0.03984375
6 0.91953125 0.83515625 0.025 0.0625
2 0.46484375 0.83046875 0.0203125 0.06796875
2 0.84453125 0.8359375 0.0203125 0.0640625
2 0.95 0.83515625 0.02109375 0.05859375
2 0.5390625 0.83125 0.01875 0.06640625
8 0.50703125 0.83046875 0.0265625 0.06796875