0 0.80390625 0.85546875 0.01328125 0.02421875
0 0.8359375 0.85625 0.01640625 0.0265625
4 0.94765625 0.8515625 0.01640625 0.0546875
0 0.86640625 0.8578125 0.0140625 0.02421875
0 0.571875 0.8484375 0.01328125 0.028125
1 0.7265625 0.84609375 0.01640625 0.05859375
5 0.75703125 0.84609375 0.02109375 0.03984375
4 0.6796875 0.8453125 0.01875 0.05625
5 0.60234375 0.840625 0.02109375 0.03984375
1 0.6484375 0.84453125 0.01640625 0.0546875
5 0.4953125 0.8390625 0.0234375 0.03984375
2 0.4515625 0.840625 0.01796875 0.0546875
7 0.91640625 0.853125 0.025 0.0640625
3 0.52734375 0.8375 0.0265625 0.053125