0 0.6984375 0.853125 0.01328125 0.03359375
0 0.59140625 0.85390625 0.01171875 0.028125
0 0.81953125 0.85078125 0.01328125 0.0265625
1 0.74296875 0.84453125 0.0140625 0.06640625
4 0.621875 0.8453125 0.01796875 0.0640625
6 0.95625 0.8390625 0.0234375 0.05859375
9 0.925 0.840625 0.02109375 0.0546875
5 0.77265625 0.84375 0.02109375 0.0453125
2 0.471875 0.84921875 0.0203125 0.0640625
2 0.85 0.8390625 0.02109375 0.0625
2 0.54609375 0.84609375 0.02109375 0.06640625
8 0.8796875 0.8375 0.0265625 0.05625
8 0.51484375 0.846875 0.025 0.0640625
2 0.66640625 0.84609375 0.01875 0.0625