0 0.5921875 0.87421875 0.015625 0.0359375
0 0.9375 0.86796875 0.01328125 0.03046875
0 0.83125 0.871875 0.01171875 0.03046875
1 0.75078125 0.86484375 0.015625 0.0734375
1 0.8921875 0.86328125 0.015625 0.05859375
1 0.86171875 0.86328125 0.0140625 0.0625
2 0.46640625 0.86796875 0.0234375 0.06796875
8 0.51328125 0.86484375 0.0265625 0.06640625
7 0.96640625 0.85859375 0.02109375 0.0640625
4 0.6234375 0.86484375 0.01640625 0.06953125
2 0.671875 0.8671875 0.0203125 0.07734375
3 0.54609375 0.86328125 0.025 0.06640625
5 0.7828125 0.86484375 0.02265625 0.04375
7 0.70390625 0.8640625 0.02734375 0.07578125