0 0.85234375 0.83984375 0.01875 0.03046875
0 0.821875 0.83984375 0.0203125 0.03359375
0 0.92734375 0.8421875 0.01875 0.03203125
0 0.66875 0.8328125 0.01875 0.04375
6 0.95859375 0.83125 0.03203125 0.05859375
1 0.62265625 0.82578125 0.02109375 0.06640625
1 0.7453125 0.83046875 0.01875 0.071875
5 0.7765625 0.83125 0.02734375 0.046875
2 0.70078125 0.828125 0.02734375 0.06796875
1 0.59140625 0.82734375 0.01875 0.06953125
3 0.88359375 0.83203125 0.03203125 0.0640625
2 0.471875 0.8234375 0.02265625 0.06640625
6 0.54609375 0.82265625 0.0234375 0.0640625
7 0.51484375 0.82265625 0.0296875 0.06796875