0 0.6 0.840625 0.01640625 0.0359375
0 0.6765625 0.83515625 0.0203125 0.0359375
0 0.82890625 0.83125 0.01796875 0.03203125
1 0.9640625 0.8171875 0.01875 0.05625
1 0.7515625 0.82578125 0.02265625 0.0734375
1 0.85859375 0.82109375 0.02109375 0.06015625
3 0.55625 0.8328125 0.02890625 0.0625
2 0.47890625 0.8390625 0.0296875 0.07734375
4 0.88828125 0.81953125 0.01875 0.0625
5 0.7828125 0.82265625 0.025 0.0453125
9 0.934375 0.8171875 0.0234375 0.0640625
3 0.63125 0.83046875 0.0296875 0.06796875
8 0.5234375 0.83203125 0.03125 0.06796875
2 0.70859375 0.8265625 0.02890625 0.06796875