0 0.81328125 0.85546875 0.0140625 0.028125
1 0.95 0.846875 0.0140625 0.0640625
9 0.87265625 0.84609375 0.01875 0.06640625
8 0.91875 0.84453125 0.02734375 0.0625
0 0.58046875 0.85078125 0.01328125 0.03359375
1 0.8421875 0.8484375 0.01328125 0.06953125
1 0.6109375 0.84453125 0.0140625 0.06953125
1 0.73359375 0.8453125 0.0140625 0.071875
2 0.459375 0.83984375 0.01875 0.06796875
5 0.765625 0.846875 0.0234375 0.04921875
3 0.53515625 0.840625 0.025 0.06640625
2 0.6890625 0.8453125 0.0203125 0.06796875
2 0.65703125 0.8453125 0.02109375 0.06796875
8 0.503125 0.840625 0.025 0.06953125