0 0.65546875 0.84921875 0.01796875 0.03046875
0 0.80859375 0.853125 0.0140625 0.0265625
0 0.57890625 0.84609375 0.01328125 0.028125
4 0.915625 0.85 0.01875 0.0625
6 0.946875 0.8484375 0.025 0.05859375
1 0.73046875 0.8421875 0.015625 0.06640625
1 0.83828125 0.846875 0.0140625 0.0640625
5 0.7609375 0.8421875 0.02265625 0.04375
2 0.46015625 0.83671875 0.0203125 0.06953125
2 0.6859375 0.8421875 0.02109375 0.06953125
3 0.53515625 0.8359375 0.025 0.06015625
8 0.50390625 0.8359375 0.025 0.0640625
3 0.61015625 0.83984375 0.0296875 0.06015625
9 0.86875 0.84609375 0.01875 0.06640625