0 0.83046875 0.8328125 0.01796875 0.03203125
1 0.67578125 0.83125 0.0203125 0.07734375
2 0.48046875 0.8328125 0.025 0.06640625
1 0.7515625 0.82578125 0.01796875 0.0734375
0 0.6015625 0.8375 0.01875 0.053125
1 0.85859375 0.82265625 0.01796875 0.071875
5 0.7828125 0.82421875 0.02734375 0.0453125
2 0.63359375 0.83125 0.0265625 0.06640625
2 0.7078125 0.83046875 0.025 0.06796875
7 0.5234375 0.82734375 0.02890625 0.08125
9 0.88828125 0.82265625 0.02109375 0.06796875
6 0.96328125 0.81796875 0.0234375 0.05859375
7 0.55625 0.828125 0.02734375 0.0828125
7 0.93359375 0.82109375 0.02890625 0.0640625