0 0.84921875 0.83203125 0.015625 0.0265625
0 0.58828125 0.83359375 0.01171875 0.03359375
0 0.81953125 0.8328125 0.015625 0.028125
5 0.7734375 0.82578125 0.025 0.046875
1 0.665625 0.821875 0.01640625 0.0625
1 0.74140625 0.828125 0.01875 0.06796875
5 0.88125 0.821875 0.02734375 0.04375
4 0.62109375 0.82421875 0.01796875 0.0640625
4 0.92578125 0.8265625 0.02265625 0.06015625
6 0.69609375 0.8234375 0.02265625 0.0625
2 0.46796875 0.828125 0.01875 0.0640625
5 0.51328125 0.82578125 0.0234375 0.046875
3 0.54375 0.8234375 0.0265625 0.06953125
6 0.9578125 0.81953125 0.0296875 0.06640625