1 0.75 0.8125 0.01875 0.05859375
0 0.82265625 0.8171875 0.0140625 0.03359375
0 0.609375 0.8171875 0.01640625 0.03359375
0 0.70703125 0.8171875 0.01640625 0.03359375
4 0.8796875 0.81640625 0.01640625 0.05078125
1 0.6796875 0.81015625 0.01875 0.0546875
1 0.8515625 0.81484375 0.015625 0.053125
5 0.77890625 0.8109375 0.02109375 0.0375
3 0.6375 0.81015625 0.025 0.05859375
2 0.9515625 0.8140625 0.0203125 0.05078125
3 0.92265625 0.81484375 0.0265625 0.053125
2 0.4984375 0.80859375 0.0234375 0.0625
3 0.56796875 0.80859375 0.0234375 0.05859375
8 0.5390625 0.8078125 0.025 0.053125