0 0.80546875 0.8484375 0.015625 0.0359375
0 0.578125 0.840625 0.01328125 0.0359375
1 0.6078125 0.83359375 0.015625 0.06796875
1 0.6828125 0.83984375 0.015625 0.06796875
1 0.83515625 0.840625 0.01328125 0.06953125
4 0.91171875 0.846875 0.01875 0.0640625
6 0.86640625 0.83984375 0.025 0.06796875
3 0.94375 0.8421875 0.02734375 0.0625
2 0.65390625 0.8359375 0.0234375 0.06796875
5 0.75859375 0.8375 0.0234375 0.0453125
1 0.72734375 0.8375 0.01640625 0.0640625
2 0.53359375 0.83203125 0.0203125 0.06796875
2 0.459375 0.83125 0.01875 0.0734375
8 0.50234375 0.83125 0.0234375 0.0734375