0 0.8234375 0.8546875 0.01328125 0.0265625
1 0.85390625 0.8484375 0.01640625 0.0546875
4 0.88515625 0.84609375 0.015625 0.0546875
9 0.96015625 0.840625 0.0203125 0.0546875
1 0.5890625 0.85859375 0.0140625 0.06015625
5 0.7765625 0.84921875 0.02265625 0.04140625
6 0.6984375 0.85078125 0.025 0.05625
2 0.93046875 0.8421875 0.02265625 0.05859375
1 0.7453125 0.8546875 0.01875 0.06015625
2 0.6671875 0.85390625 0.02265625 0.0625
5 0.5109375 0.85859375 0.0203125 0.0375
2 0.46484375 0.859375 0.01796875 0.05859375
2 0.62109375 0.85625 0.02265625 0.06015625
3 0.54296875 0.8578125 0.0234375 0.0625