0 0.5609375 0.85546875 0.01328125 0.04375
0 0.64140625 0.86328125 0.01328125 0.04375
0 0.80703125 0.87578125 0.01875 0.0375
4 0.87265625 0.8734375 0.01875 0.06015625
5 0.7578125 0.86484375 0.02734375 0.046875
1 0.7234375 0.8609375 0.01875 0.08125
4 0.95390625 0.87734375 0.01796875 0.06796875
2 0.840625 0.871875 0.0234375 0.071875
2 0.4390625 0.8375 0.025 0.07578125
7 0.675 0.85859375 0.03125 0.0828125
8 0.48203125 0.83671875 0.02890625 0.07734375
2 0.51484375 0.84375 0.02265625 0.07578125
3 0.92109375 0.87265625 0.02734375 0.06953125
3 0.59375 0.8515625 0.0265625 0.0734375