0 0.5859375 0.82890625 0.0140625 0.0359375
0 0.66171875 0.83046875 0.0140625 0.0375
1 0.82109375 0.8234375 0.0203125 0.05859375
1 0.9609375 0.82109375 0.01796875 0.05625
1 0.69375 0.82265625 0.01796875 0.071875
1 0.88359375 0.8234375 0.01875 0.05859375
8 0.5078125 0.821875 0.02734375 0.06640625
1 0.615625 0.82109375 0.01875 0.06796875
5 0.77265625 0.821875 0.0234375 0.04375
6 0.8515625 0.821875 0.02265625 0.05859375
1 0.740625 0.8234375 0.01875 0.06953125
2 0.46328125 0.82421875 0.02109375 0.07578125
2 0.5390625 0.8234375 0.02109375 0.06640625
3 0.9296875 0.81953125 0.0265625 0.0625