0 0.86484375 0.828125 0.015625 0.0265625
0 0.57109375 0.83359375 0.01328125 0.03046875
2 0.43515625 0.828125 0.025 0.05625
1 0.98203125 0.81484375 0.01875 0.05625
5 0.4859375 0.82578125 0.02734375 0.04375
1 0.8984375 0.821875 0.0203125 0.0546875
0 0.83046875 0.83046875 0.015625 0.0265625
4 0.95 0.81875 0.02109375 0.053125
5 0.7765625 0.821875 0.025 0.04375
1 0.74296875 0.8265625 0.02109375 0.06015625
5 0.60546875 0.8234375 0.025 0.04375
6 0.69140625 0.82265625 0.0296875 0.05625
2 0.65703125 0.82421875 0.0234375 0.06015625
3 0.52109375 0.82421875 0.0296875 0.0640625