0 0.85625 0.853125 0.0140625 0.0265625
0 0.8234375 0.85078125 0.0140625 0.0265625
3 0.93828125 0.84609375 0.0234375 0.0546875
0 0.57734375 0.84375 0.0140625 0.03359375
9 0.8890625 0.84453125 0.02109375 0.0625
5 0.77265625 0.8421875 0.0234375 0.04375
2 0.44921875 0.83046875 0.02265625 0.06015625
1 0.740625 0.8421875 0.01640625 0.06640625
4 0.69140625 0.840625 0.01875 0.05859375
5 0.4953125 0.8328125 0.0265625 0.046875
2 0.65859375 0.8390625 0.0234375 0.0625
6 0.60859375 0.83359375 0.02734375 0.06015625
4 0.52890625 0.83671875 0.01875 0.06640625
5 0.97421875 0.85078125 0.034375 0.06171875