0 0.82578125 0.82578125 0.015625 0.02421875
0 0.59609375 0.83046875 0.01640625 0.03046875
0 0.8546875 0.82421875 0.01875 0.03046875
1 0.7484375 0.82578125 0.01875 0.0625
5 0.7796875 0.81796875 0.02109375 0.03984375
2 0.67109375 0.82265625 0.01875 0.06796875
8 0.8859375 0.81328125 0.02734375 0.053125
8 0.96484375 0.8109375 0.0296875 0.06015625
2 0.4765625 0.82890625 0.0203125 0.06640625
3 0.70390625 0.821875 0.02734375 0.05859375
6 0.6265625 0.82109375 0.0265625 0.06015625
5 0.93125 0.81328125 0.0234375 0.04140625
8 0.51953125 0.82421875 0.025 0.06796875
2 0.5515625 0.82578125 0.01875 0.06640625