0 0.81640625 0.85078125 0.01796875 0.03359375
0 0.66015625 0.84921875 0.015625 0.03046875
0 0.58125 0.84921875 0.015625 0.03359375
1 0.7375 0.8453125 0.0203125 0.06796875
1 0.95390625 0.84375 0.0203125 0.06796875
1 0.69140625 0.8421875 0.01640625 0.06640625
2 0.459375 0.84140625 0.02109375 0.06796875
5 0.76875 0.8421875 0.0265625 0.046875
6 0.8765625 0.84375 0.02890625 0.06015625
3 0.8453125 0.84453125 0.0265625 0.06640625
7 0.92109375 0.84375 0.03125 0.06796875
8 0.503125 0.8421875 0.025 0.0734375
8 0.6140625 0.8390625 0.02734375 0.0625
2 0.53671875 0.840625 0.02109375 0.06953125