0 0.8234375 0.828125 0.01328125 0.0265625
1 0.85390625 0.81953125 0.01796875 0.0546875
0 0.590625 0.83046875 0.0140625 0.03359375
5 0.93203125 0.81796875 0.0234375 0.03984375
1 0.7453125 0.8265625 0.01640625 0.06796875
1 0.6984375 0.82421875 0.01640625 0.06796875
6 0.9625 0.81640625 0.02265625 0.0625
4 0.62109375 0.8234375 0.01640625 0.06640625
4 0.884375 0.81875 0.01640625 0.06015625
5 0.7765625 0.82265625 0.02109375 0.04140625
2 0.46875 0.82578125 0.01796875 0.06953125
2 0.66796875 0.821875 0.02109375 0.06640625
2 0.5453125 0.8234375 0.02109375 0.06640625
8 0.51328125 0.82578125 0.0234375 0.0734375