0 0.8203125 0.8390625 0.0140625 0.02421875
0 0.59375 0.84140625 0.01328125 0.03359375
5 0.7734375 0.83203125 0.02109375 0.04140625
1 0.85 0.83203125 0.01875 0.0640625
1 0.7421875 0.83359375 0.01796875 0.0640625
1 0.6234375 0.83203125 0.01796875 0.06015625
2 0.47265625 0.840625 0.02109375 0.06953125
1 0.66640625 0.83359375 0.0140625 0.0640625
5 0.8796875 0.82734375 0.0234375 0.04375
7 0.54609375 0.83359375 0.0234375 0.06796875
6 0.953125 0.82578125 0.02265625 0.0546875
7 0.515625 0.83515625 0.0265625 0.0734375
8 0.92421875 0.82578125 0.02734375 0.0546875
9 0.69765625 0.83125 0.01875 0.06953125