0 0.8203125 0.87421875 0.01875 0.03203125
0 0.6625 0.871875 0.0203125 0.04140625
0 0.88203125 0.8734375 0.01875 0.03046875
0 0.61640625 0.87109375 0.01796875 0.03203125
1 0.73984375 0.86640625 0.0203125 0.0640625
2 0.69609375 0.86484375 0.02890625 0.0625
5 0.77265625 0.86640625 0.02890625 0.04140625
1 0.5859375 0.8640625 0.0203125 0.06796875
2 0.9265625 0.8671875 0.02265625 0.0546875
2 0.8515625 0.86875 0.0234375 0.0625
6 0.5390625 0.859375 0.02265625 0.0625
7 0.9578125 0.86640625 0.025 0.05625
7 0.5078125 0.86015625 0.0296875 0.0640625
2 0.4640625 0.86015625 0.0234375 0.06796875