0 0.84609375 0.85546875 0.01875 0.03203125
0 0.58515625 0.8484375 0.015625 0.03984375
0 0.9203125 0.8546875 0.01640625 0.03359375
0 0.815625 0.85390625 0.0140625 0.03203125
1 0.87734375 0.85 0.0234375 0.0625
1 0.6609375 0.84140625 0.01875 0.071875
1 0.615625 0.840625 0.01875 0.06953125
1 0.73828125 0.84453125 0.01875 0.06953125
2 0.69375 0.8421875 0.0265625 0.06640625
7 0.50703125 0.8328125 0.02890625 0.08125
5 0.76875 0.8421875 0.02734375 0.05078125
7 0.5390625 0.83671875 0.0265625 0.07734375
8 0.9515625 0.8484375 0.0296875 0.05078125
2 0.46328125 0.8375 0.02109375 0.071875