0 0.82890625 0.8359375 0.015625 0.03046875
0 0.59375 0.840625 0.0140625 0.03203125
0 0.671875 0.8390625 0.015625 0.03203125
1 0.965625 0.82421875 0.01640625 0.053125
1 0.7515625 0.83203125 0.01640625 0.0640625
6 0.85859375 0.8265625 0.0234375 0.06015625
1 0.70390625 0.83125 0.015625 0.0625
9 0.6234375 0.83125 0.01640625 0.0734375
3 0.934375 0.82265625 0.0234375 0.05625
2 0.4703125 0.83359375 0.01875 0.07578125
5 0.78203125 0.83046875 0.02109375 0.0453125
2 0.54765625 0.8328125 0.01875 0.06640625
3 0.8890625 0.82421875 0.0234375 0.06015625
8 0.51484375 0.83515625 0.02265625 0.0734375