0 0.58828125 0.83359375 0.01171875 0.0375
0 0.6671875 0.83125 0.015625 0.028125
1 0.6984375 0.82265625 0.01875 0.06015625
0 0.82734375 0.83046875 0.01640625 0.0265625
1 0.74609375 0.8265625 0.01875 0.06015625
7 0.53984375 0.82578125 0.025 0.06953125
1 0.965625 0.82109375 0.01875 0.05625
2 0.4625 0.82578125 0.02265625 0.0625
5 0.77890625 0.82265625 0.0265625 0.0453125
7 0.5078125 0.8234375 0.02734375 0.06953125
8 0.934375 0.8171875 0.02890625 0.05625
2 0.85703125 0.82421875 0.0234375 0.0640625
2 0.61875 0.82578125 0.01875 0.0625
3 0.88984375 0.8234375 0.02734375 0.06640625