1 0.99296875 0.84140625 0.0140625 0.071875
2 0.421875 0.83203125 0.03203125 0.04921875
0 0.88125 0.85078125 0.0265625 0.03359375
0 0.84375 0.853125 0.02734375 0.03359375
0 0.5671875 0.85 0.02734375 0.03984375
2 0.91953125 0.83984375 0.03203125 0.06015625
5 0.95859375 0.84140625 0.03203125 0.04140625
4 0.5140625 0.84375 0.0265625 0.0640625
5 0.7890625 0.84140625 0.03203125 0.0453125
5 0.47578125 0.840625 0.03203125 0.046875
1 0.75 0.84375 0.03125 0.071875
4 0.60390625 0.84375 0.03203125 0.06015625
8 0.69609375 0.8390625 0.0359375 0.0546875
2 0.65625 0.83984375 0.03359375 0.0640625