0 0.8265625 0.84375 0.01796875 0.03046875
0 0.89140625 0.84140625 0.01796875 0.03046875
0 0.69453125 0.84453125 0.015625 0.03203125
0 0.58046875 0.84453125 0.01328125 0.03203125
1 0.74375 0.8390625 0.01796875 0.0625
2 0.85859375 0.83515625 0.025 0.0625
2 0.97265625 0.83515625 0.02109375 0.0625
5 0.496875 0.83671875 0.025 0.04375
1 0.6125 0.83671875 0.01796875 0.05859375
5 0.7765625 0.83671875 0.0265625 0.04375
2 0.93984375 0.83671875 0.02265625 0.0625
4 0.53125 0.8375 0.01640625 0.06796875
1 0.66171875 0.83671875 0.01875 0.05859375
2 0.4515625 0.83671875 0.02109375 0.05859375