0 0.58984375 0.85 0.0109375 0.028125
0 0.81484375 0.853125 0.01328125 0.0265625
8 0.9484375 0.8453125 0.02109375 0.0640625
1 0.6640625 0.84609375 0.01640625 0.06953125
5 0.69609375 0.84375 0.02265625 0.04140625
3 0.61875 0.84375 0.025 0.06796875
1 0.740625 0.846875 0.01640625 0.06015625
5 0.7703125 0.84453125 0.02109375 0.03984375
2 0.4703125 0.84140625 0.01875 0.06796875
8 0.5125 0.8421875 0.02265625 0.0734375
2 0.87578125 0.8453125 0.0203125 0.05625
3 0.84375 0.84375 0.025 0.05625
8 0.91875 0.8453125 0.025 0.0640625
2 0.54375 0.8421875 0.01875 0.06640625