0 0.8609375 0.8140625 0.01328125 0.02421875
0 0.67890625 0.81640625 0.015625 0.03203125
0 0.603125 0.8171875 0.015625 0.03359375
0 0.83046875 0.81328125 0.01328125 0.0265625
1 0.96640625 0.8046875 0.01640625 0.0625
5 0.93671875 0.8046875 0.0234375 0.04375
4 0.6328125 0.8109375 0.01796875 0.0640625
4 0.89140625 0.8078125 0.01796875 0.05625
1 0.7546875 0.80859375 0.01640625 0.0625
5 0.78515625 0.80625 0.02265625 0.04375
5 0.525 0.8109375 0.02890625 0.04921875
2 0.48125 0.809375 0.0234375 0.06015625
2 0.70859375 0.8078125 0.0203125 0.0640625
4 0.5578125 0.81015625 0.0203125 0.06640625