0 0.59921875 0.809375 0.01328125 0.0265625
0 0.821875 0.8 0.01328125 0.0265625
1 0.6734375 0.80078125 0.01640625 0.05859375
2 0.48046875 0.809375 0.01796875 0.06015625
1 0.7765625 0.79609375 0.01328125 0.05625
2 0.74765625 0.7953125 0.02109375 0.0546875
9 0.62890625 0.79921875 0.01875 0.05859375
5 0.70390625 0.796875 0.01875 0.03984375
2 0.55546875 0.80546875 0.0203125 0.06015625
8 0.5234375 0.80625 0.02265625 0.06640625
6 0.92109375 0.7890625 0.02109375 0.053125
3 0.85 0.790625 0.02109375 0.04921875
5 0.95234375 0.78515625 0.01875 0.0375
2 0.88125 0.78984375 0.01875 0.05078125