0 0.57109375 0.82265625 0.0234375 0.03359375
0 0.65546875 0.821875 0.025 0.0359375
0 0.8265625 0.8234375 0.0203125 0.0359375
4 0.9859375 0.8109375 0.0234375 0.06796875
2 0.4375 0.8171875 0.025 0.06796875
2 0.521875 0.8140625 0.0296875 0.06953125
1 0.7390625 0.81484375 0.0234375 0.07890625
1 0.6890625 0.8140625 0.0234375 0.0734375
5 0.7734375 0.8125 0.0296875 0.05078125
3 0.6046875 0.8171875 0.03125 0.071875
8 0.48671875 0.8125 0.03359375 0.06640625
6 0.89609375 0.81171875 0.03125 0.06015625
7 0.8609375 0.81328125 0.0296875 0.06796875
7 0.9484375 0.81015625 0.0359375 0.07734375