0 0.57890625 0.83671875 0.01171875 0.028125
0 0.81171875 0.840625 0.01171875 0.028125
0 0.9203125 0.8421875 0.01171875 0.028125
1 0.8421875 0.83515625 0.015625 0.0625
1 0.65546875 0.83203125 0.015625 0.0640625
5 0.76484375 0.83203125 0.02265625 0.04140625
2 0.8734375 0.8359375 0.02109375 0.06015625
1 0.73359375 0.83203125 0.0140625 0.0640625
3 0.95 0.8328125 0.0234375 0.0625
3 0.5328125 0.8265625 0.02265625 0.0640625
8 0.5015625 0.82578125 0.0234375 0.0625
5 0.609375 0.82890625 0.02109375 0.03984375
2 0.45625 0.82734375 0.0203125 0.05859375
7 0.6859375 0.82734375 0.0265625 0.06640625