0 0.8828125 0.87421875 0.0203125 0.03984375
0 0.85 0.87265625 0.01875 0.0359375
1 0.6015625 0.86015625 0.0203125 0.07890625
4 0.7171875 0.8625 0.02265625 0.07578125
5 0.8 0.86015625 0.0265625 0.053125
2 0.68359375 0.85625 0.0265625 0.07578125
1 0.7671875 0.86328125 0.0203125 0.07734375
6 0.915625 0.86484375 0.03125 0.06953125
2 0.4734375 0.85390625 0.0234375 0.06953125
2 0.63515625 0.85625 0.0296875 0.07578125
7 0.96328125 0.86484375 0.03359375 0.06953125
7 0.51953125 0.85078125 0.03203125 0.06796875
6 0.5515625 0.85390625 0.025 0.06953125