0 0.8140625 0.846875 0.015625 0.0265625
0 0.5796875 0.840625 0.01640625 0.0359375
9 0.9515625 0.840625 0.0203125 0.0625
1 0.84453125 0.8390625 0.015625 0.05859375
1 0.734375 0.8390625 0.02109375 0.06640625
2 0.45859375 0.82890625 0.0296875 0.06953125
5 0.76640625 0.8375 0.0265625 0.0453125
3 0.5359375 0.83125 0.02890625 0.0625
3 0.6109375 0.83203125 0.03203125 0.0640625
2 0.65625 0.83359375 0.02734375 0.071875
9 0.921875 0.8421875 0.02265625 0.0625
6 0.87578125 0.83671875 0.02265625 0.05859375
8 0.5015625 0.82890625 0.03203125 0.05859375
8 0.68984375 0.8328125 0.0296875 0.05859375