8 0.9390625 0.80859375 0.03203125 0.0625
0 0.8296875 0.80546875 0.02109375 0.03359375
3 0.971875 0.80859375 0.0296875 0.0625
0 0.8640625 0.80625 0.02734375 0.03984375
0 0.89609375 0.8125 0.0265625 0.05078125
2 0.45859375 0.79453125 0.03125 0.071875
0 0.5890625 0.803125 0.02109375 0.04375
8 0.50546875 0.79609375 0.034375 0.07578125
1 0.66875 0.79375 0.0265625 0.06640625
3 0.54140625 0.79453125 0.03359375 0.071875
3 0.6234375 0.7921875 0.034375 0.071875
1 0.75234375 0.796875 0.02890625 0.07734375
5 0.78515625 0.79453125 0.0296875 0.053125
8 0.70390625 0.79375 0.034375 0.05859375