6 0.9328125 0.8421875 0.03203125 0.0625
5 0.58359375 0.8375 0.034375 0.0453125
0 0.7875 0.85 0.02265625 0.028125
1 0.64375 0.83671875 0.0296875 0.06640625
5 0.6859375 0.840625 0.02890625 0.04375
0 0.44140625 0.8421875 0.02265625 0.03203125
5 0.89140625 0.84453125 0.03359375 0.04375
1 0.54140625 0.83671875 0.02890625 0.06640625
2 0.28203125 0.82734375 0.02890625 0.05078125
0 0.746875 0.84921875 0.0203125 0.0265625
6 0.8296875 0.840625 0.0359375 0.0546875
6 0.48125 0.83359375 0.03671875 0.06015625
5 0.33984375 0.8328125 0.034375 0.04375
3 0.38203125 0.83125 0.03828125 0.06640625