0 0.5765625 0.83359375 0.0109375 0.0265625
0 0.8046875 0.8390625 0.01171875 0.028125
0 0.68203125 0.83515625 0.01171875 0.028125
1 0.834375 0.83203125 0.0140625 0.05625
1 0.72734375 0.83125 0.0140625 0.0625
2 0.4578125 0.82421875 0.0203125 0.05625
8 0.5015625 0.8234375 0.02265625 0.05859375
1 0.86484375 0.8328125 0.015625 0.05859375
5 0.75859375 0.82890625 0.02109375 0.04375
5 0.60703125 0.8265625 0.02109375 0.04140625
3 0.53203125 0.82421875 0.02109375 0.06015625
2 0.65234375 0.82734375 0.01875 0.0625
5 0.94453125 0.83359375 0.0203125 0.04140625
6 0.9109375 0.83515625 0.02109375 0.05859375