0 0.67265625 0.84609375 0.0234375 0.04375
1 0.70390625 0.8390625 0.025 0.0734375
0 0.590625 0.85 0.0234375 0.03984375
1 0.8390625 0.840625 0.025 0.06953125
1 0.6234375 0.84140625 0.02734375 0.0640625
4 0.9046875 0.8390625 0.0234375 0.0625
3 0.87109375 0.8390625 0.02734375 0.06953125
3 0.54375 0.84375 0.03203125 0.06796875
1 0.9859375 0.83671875 0.02265625 0.06640625
1 0.75390625 0.840625 0.0234375 0.07734375
2 0.459375 0.846875 0.02890625 0.071875
8 0.50703125 0.8421875 0.0359375 0.06953125
5 0.7875 0.840625 0.0296875 0.05078125
7 0.9515625 0.8359375 0.0359375 0.06796875