0 0.6515625 0.8484375 0.01640625 0.028125
0 0.575 0.8484375 0.01875 0.03984375
0 0.8046875 0.853125 0.0140625 0.03046875
1 0.6828125 0.84140625 0.01796875 0.06015625
1 0.72734375 0.84453125 0.01640625 0.0625
9 0.8359375 0.84453125 0.02265625 0.0546875
2 0.453125 0.84140625 0.02265625 0.06796875
5 0.7578125 0.84375 0.025 0.04140625
4 0.94375 0.85 0.01875 0.06953125
8 0.4984375 0.8375 0.02734375 0.06015625
4 0.86640625 0.84609375 0.02109375 0.0625
3 0.53125 0.83984375 0.02890625 0.0640625
5 0.9125 0.85 0.02734375 0.046875
2 0.60625 0.840625 0.0265625 0.06640625