0 0.5640625 0.84921875 0.01171875 0.0265625
0 0.6390625 0.85 0.01171875 0.028125
1 0.82421875 0.8546875 0.015625 0.05625
0 0.79375 0.85859375 0.01171875 0.0265625
5 0.746875 0.8484375 0.02265625 0.03984375
1 0.71640625 0.84921875 0.015625 0.06015625
7 0.903125 0.85859375 0.02265625 0.06796875
2 0.4453125 0.8359375 0.01875 0.0640625
4 0.934375 0.85859375 0.01640625 0.06015625
7 0.85625 0.853125 0.0265625 0.0640625
3 0.51953125 0.83671875 0.02265625 0.0625
5 0.67109375 0.84453125 0.0203125 0.0359375
8 0.4890625 0.8359375 0.02265625 0.0640625
2 0.59453125 0.840625 0.0203125 0.05859375