0 0.775 0.81015625 0.01171875 0.03203125
0 0.8109375 0.809375 0.0140625 0.0375
0 0.521875 0.82109375 0.0109375 0.03046875
1 0.6015625 0.809375 0.0140625 0.06796875
9 0.90234375 0.79453125 0.0234375 0.071875
2 0.94140625 0.7890625 0.02734375 0.07578125
1 0.6859375 0.80625 0.015625 0.06953125
5 0.4453125 0.81328125 0.01875 0.04140625
6 0.846875 0.796875 0.02734375 0.06953125
4 0.4765625 0.81328125 0.0140625 0.0640625
5 0.72109375 0.80390625 0.0234375 0.04921875
5 0.55390625 0.809375 0.0203125 0.04921875
2 0.4015625 0.81484375 0.01875 0.06015625
2 0.634375 0.80859375 0.02109375 0.06953125