0 0.828125 0.83203125 0.015625 0.04140625
0 0.85859375 0.83203125 0.01796875 0.03046875
0 0.5875 0.8421875 0.0109375 0.03203125
1 0.890625 0.82421875 0.01640625 0.06015625
1 0.6671875 0.8328125 0.01328125 0.0734375
1 0.7484375 0.83125 0.01875 0.06953125
5 0.78046875 0.82734375 0.025 0.046875
1 0.9359375 0.821875 0.01640625 0.06640625
5 0.51015625 0.83203125 0.02265625 0.04921875
9 0.965625 0.81640625 0.02109375 0.06640625
2 0.4640625 0.83515625 0.0203125 0.06640625
2 0.70078125 0.8328125 0.025 0.06640625
3 0.54140625 0.83203125 0.025 0.0640625
7 0.61953125 0.83125 0.025 0.0734375