0 0.815625 0.8578125 0.01640625 0.02421875
0 0.58125 0.8609375 0.01875 0.03203125
5 0.878125 0.8484375 0.025 0.03984375
2 0.45703125 0.85859375 0.0265625 0.0640625
4 0.9546875 0.84921875 0.01875 0.053125
5 0.7671875 0.85 0.025 0.03984375
1 0.84609375 0.85 0.01875 0.0546875
1 0.92265625 0.85 0.02109375 0.05859375
2 0.6578125 0.85390625 0.025 0.0625
9 0.68984375 0.85078125 0.025 0.05625
1 0.73515625 0.853125 0.0203125 0.05625
3 0.6109375 0.853125 0.0296875 0.06015625
3 0.5359375 0.85390625 0.02890625 0.05859375
8 0.50234375 0.853125 0.03125 0.06015625