0 0.82109375 0.86328125 0.01171875 0.028125
1 0.85390625 0.8578125 0.015625 0.0546875
1 0.92890625 0.85546875 0.015625 0.0625
1 0.7421875 0.8578125 0.015625 0.05859375
0 0.5828125 0.86328125 0.0109375 0.028125
5 0.884375 0.85546875 0.02109375 0.03984375
5 0.77421875 0.85625 0.02265625 0.04140625
2 0.45625 0.85078125 0.01875 0.053125
5 0.50234375 0.853125 0.02109375 0.04140625
4 0.534375 0.853125 0.0140625 0.06015625
5 0.69453125 0.85546875 0.02265625 0.03984375
7 0.95859375 0.8515625 0.0265625 0.06640625
4 0.61484375 0.85625 0.015625 0.05625