0 0.59375 0.8390625 0.015625 0.0359375
0 0.821875 0.83359375 0.01328125 0.03046875
4 0.69921875 0.83203125 0.01796875 0.0640625
1 0.6234375 0.828125 0.01796875 0.06796875
2 0.5484375 0.8328125 0.0203125 0.06640625
1 0.928125 0.8234375 0.015625 0.06953125
2 0.4734375 0.83515625 0.02265625 0.0734375
2 0.6671875 0.828125 0.02265625 0.06796875
8 0.51640625 0.83203125 0.025 0.071875
8 0.8828125 0.8234375 0.025 0.0625
5 0.775 0.82578125 0.0234375 0.046875
8 0.9578125 0.8234375 0.02734375 0.06953125
2 0.74453125 0.82578125 0.02265625 0.06640625
2 0.85234375 0.8265625 0.01875 0.06796875