0 0.8515625 0.8265625 0.0140625 0.0265625
0 0.8203125 0.82734375 0.01171875 0.02421875
0 0.59375 0.82734375 0.0140625 0.028125
4 0.6984375 0.821875 0.01640625 0.0625
1 0.74453125 0.821875 0.01796875 0.0625
5 0.775 0.81953125 0.02109375 0.03984375
8 0.88125 0.81640625 0.02734375 0.0546875
1 0.6234375 0.81953125 0.01796875 0.0625
1 0.959375 0.81953125 0.01640625 0.0625
1 0.66796875 0.81953125 0.01640625 0.06640625
2 0.4734375 0.82265625 0.02109375 0.0640625
2 0.928125 0.81796875 0.0203125 0.0625
7 0.5484375 0.82109375 0.025 0.06796875
7 0.51640625 0.81796875 0.02890625 0.0734375