0 0.85234375 0.8390625 0.01875 0.028125
0 0.82109375 0.83984375 0.02109375 0.03046875
0 0.6703125 0.84453125 0.01875 0.04375
0 0.59375 0.84609375 0.01640625 0.0359375
4 0.6234375 0.8421875 0.02109375 0.06640625
6 0.70078125 0.83515625 0.0296875 0.0625
2 0.95859375 0.82265625 0.0265625 0.06015625
4 0.54609375 0.8390625 0.01640625 0.06640625
5 0.515625 0.8390625 0.0234375 0.04375
1 0.74609375 0.8375 0.0203125 0.0640625
2 0.46953125 0.83984375 0.0203125 0.06015625
8 0.77890625 0.83515625 0.03125 0.05859375
7 0.88359375 0.82890625 0.02890625 0.06640625
9 0.928125 0.8234375 0.02265625 0.06640625