0 0.87890625 0.8328125 0.015625 0.03203125
0 0.81875 0.83671875 0.015625 0.028125
1 0.6625 0.8328125 0.01796875 0.0625
1 0.7390625 0.83125 0.015625 0.06953125
4 0.925 0.8234375 0.01875 0.05859375
1 0.84921875 0.828125 0.0203125 0.0640625
1 0.95546875 0.8234375 0.01796875 0.05859375
5 0.77109375 0.82890625 0.025 0.04375
1 0.61640625 0.83125 0.01875 0.0625
2 0.69375 0.8328125 0.0234375 0.06640625
1 0.584375 0.83515625 0.01875 0.06640625
2 0.4640625 0.83515625 0.02109375 0.06640625
7 0.5078125 0.8328125 0.0296875 0.06640625
6 0.5390625 0.83203125 0.0234375 0.0640625