0 0.4984375 0.846875 0.025 0.0375
0 0.77109375 0.853125 0.02734375 0.0375
0 0.5890625 0.85 0.0265625 0.03984375
1 0.62578125 0.84140625 0.02734375 0.07890625
2 0.35859375 0.8375 0.03203125 0.07578125
5 0.715625 0.8453125 0.03359375 0.04921875
8 0.84609375 0.8484375 0.03671875 0.0546875
3 0.93984375 0.84921875 0.034375 0.06796875
1 0.678125 0.84453125 0.02734375 0.07734375
3 0.80703125 0.84921875 0.03359375 0.071875
7 0.4078125 0.83125 0.03203125 0.07734375
7 0.44609375 0.8328125 0.03359375 0.08515625
3 0.534375 0.84453125 0.03359375 0.07734375
1 0.9015625 0.85390625 0.0296875 0.06953125