0 0.6 0.86328125 0.01875 0.0359375
0 0.8265625 0.86875 0.0203125 0.03203125
0 0.9171875 0.871875 0.01328125 0.03046875
2 0.48203125 0.85078125 0.0234375 0.071875
1 0.85859375 0.8609375 0.01640625 0.06640625
5 0.94921875 0.86015625 0.025 0.04140625
4 0.70625 0.8578125 0.01640625 0.0625
2 0.55859375 0.85390625 0.0265625 0.0734375
1 0.7515625 0.85859375 0.0203125 0.06796875
5 0.78203125 0.8578125 0.0265625 0.046875
2 0.67734375 0.85546875 0.0234375 0.06953125
3 0.6328125 0.85390625 0.0296875 0.0734375
7 0.8875 0.859375 0.025 0.06640625
8 0.5265625 0.85 0.02890625 0.06953125