0 0.65625 0.84921875 0.01640625 0.03359375
0 0.57890625 0.846875 0.015625 0.03046875
2 0.45859375 0.83671875 0.025 0.0625
0 0.80859375 0.85078125 0.0140625 0.0265625
1 0.73125 0.84609375 0.01875 0.05859375
6 0.68515625 0.8390625 0.025 0.05859375
3 0.5359375 0.8359375 0.02890625 0.06015625
5 0.76171875 0.8421875 0.02109375 0.04375
2 0.8390625 0.8453125 0.01875 0.05625
8 0.91328125 0.8421875 0.0265625 0.05859375
8 0.50234375 0.83515625 0.02890625 0.0625
3 0.6109375 0.83984375 0.03125 0.0640625
6 0.86796875 0.84375 0.0234375 0.06015625
6 0.9421875 0.8453125 0.0203125 0.05625