4 0.83515625 0.85078125 0.02265625 0.05625
0 0.83515625 0.85 0.02265625 0.0546875
0 0.60625 0.8640625 0.01875 0.04140625
0 0.89453125 0.859375 0.015625 0.0359375
1 0.68359375 0.85546875 0.01640625 0.06953125
4 0.63671875 0.85625 0.01875 0.06796875
3 0.56328125 0.8546875 0.0265625 0.06796875
1 0.75859375 0.8578125 0.02109375 0.0734375
5 0.79140625 0.85078125 0.02734375 0.04921875
2 0.95703125 0.84921875 0.02109375 0.0640625
3 0.7140625 0.85390625 0.0265625 0.06953125
2 0.86640625 0.85 0.0234375 0.06640625
2 0.48671875 0.85546875 0.0265625 0.0734375
2 0.92890625 0.85 0.02109375 0.0625
8 0.5296875 0.85 0.02890625 0.06953125