0 0.59765625 0.8625 0.0140625 0.0375
0 0.93125 0.859375 0.0140625 0.0359375
0 0.85390625 0.86328125 0.0140625 0.03203125
0 0.8234375 0.8625 0.015625 0.03359375
2 0.7015625 0.8578125 0.02109375 0.06953125
1 0.6703125 0.85546875 0.0140625 0.06640625
2 0.5546875 0.85390625 0.02109375 0.06953125
2 0.48125 0.85546875 0.01796875 0.07734375
1 0.746875 0.85859375 0.01796875 0.06796875
9 0.9609375 0.84921875 0.02109375 0.06796875
5 0.88359375 0.853125 0.0234375 0.04140625
5 0.7765625 0.8546875 0.02109375 0.04921875
9 0.6265625 0.85390625 0.01640625 0.06953125
8 0.52265625 0.8546875 0.0234375 0.07578125