0 0.6515625 0.8390625 0.0140625 0.028125
0 0.87109375 0.84453125 0.0140625 0.02421875
0 0.5734375 0.8359375 0.01328125 0.03046875
0 0.809375 0.84375 0.0140625 0.0265625
0 0.84140625 0.8453125 0.015625 0.0265625
5 0.76171875 0.83359375 0.0234375 0.04140625
6 0.94921875 0.8359375 0.02265625 0.05625
1 0.73046875 0.83515625 0.01796875 0.0625
8 0.68359375 0.83046875 0.02890625 0.053125
1 0.6046875 0.83203125 0.01640625 0.0640625
2 0.4484375 0.8265625 0.02109375 0.06796875
4 0.91953125 0.840625 0.015625 0.05859375
8 0.49296875 0.82734375 0.0265625 0.06953125
2 0.5265625 0.828125 0.01875 0.0640625