5 0.95625 0.84609375 0.02890625 0.0546875
1 0.92421875 0.8484375 0.02265625 0.0734375
0 0.5859375 0.8453125 0.02109375 0.04140625
2 0.8484375 0.84375 0.0265625 0.071875
4 0.87890625 0.846875 0.02265625 0.06796875
0 0.81796875 0.85078125 0.01875 0.03359375
2 0.54375 0.83515625 0.0296875 0.06640625
2 0.6625 0.83984375 0.02734375 0.071875
2 0.46640625 0.83359375 0.03125 0.071875
0 0.69375 0.84921875 0.02109375 0.0375
1 0.7390625 0.84453125 0.02109375 0.06953125
5 0.77109375 0.8421875 0.02734375 0.046875
3 0.61796875 0.8375 0.03125 0.06796875
8 0.50859375 0.83359375 0.03203125 0.0640625