0 0.8234375 0.81875 0.0140625 0.03046875
5 0.96640625 0.8078125 0.02734375 0.04921875
0 0.58515625 0.8234375 0.01328125 0.03984375
5 0.775 0.81328125 0.0265625 0.0453125
1 0.69609375 0.8140625 0.01875 0.0625
1 0.74375 0.8140625 0.0203125 0.0625
4 0.8859375 0.81015625 0.01796875 0.05859375
3 0.9328125 0.80859375 0.025 0.0625
1 0.6640625 0.81328125 0.01875 0.0640625
2 0.46015625 0.81875 0.02265625 0.07578125
7 0.61796875 0.8125 0.02890625 0.06953125
8 0.50625 0.81484375 0.02890625 0.07578125
2 0.5390625 0.81640625 0.0203125 0.06953125