0 0.6125 0.8515625 0.015625 0.03203125
0 0.84375 0.85625 0.01640625 0.0265625
0 0.8140625 0.85546875 0.01640625 0.028125
5 0.76875 0.84921875 0.02734375 0.0453125
2 0.9515625 0.84609375 0.02109375 0.0546875
1 0.73671875 0.85 0.01875 0.06640625
3 0.92265625 0.84609375 0.028125 0.06640625
8 0.68984375 0.8421875 0.02734375 0.06640625
8 0.8765625 0.8484375 0.025 0.05078125
2 0.459375 0.84375 0.02109375 0.0640625
1 0.659375 0.8453125 0.01640625 0.06796875
1 0.5828125 0.8453125 0.01796875 0.0640625
2 0.53671875 0.84453125 0.02109375 0.06953125
8 0.503125 0.84140625 0.0296875 0.071875