0 0.92265625 0.84453125 0.01171875 0.028125
0 0.87734375 0.84453125 0.01171875 0.028125
0 0.8171875 0.8453125 0.015625 0.03046875
1 0.846875 0.8375 0.015625 0.06015625
2 0.546875 0.83359375 0.025 0.0640625
4 0.6953125 0.8390625 0.01640625 0.0625
1 0.6203125 0.8359375 0.01875 0.06796875
1 0.74140625 0.8359375 0.01796875 0.06796875
1 0.58984375 0.8359375 0.01796875 0.0640625
5 0.771875 0.8359375 0.025 0.0453125
2 0.47109375 0.8375 0.0203125 0.071875
2 0.665625 0.8359375 0.02109375 0.0640625
8 0.5140625 0.8328125 0.0265625 0.07734375
7 0.953125 0.834375 0.025 0.06015625