0 0.85703125 0.83125 0.01640625 0.03984375
0 0.8265625 0.83046875 0.015625 0.0375
0 0.59765625 0.840625 0.01640625 0.0359375
1 0.75078125 0.8265625 0.01796875 0.06796875
1 0.9328125 0.821875 0.0203125 0.05859375
1 0.9640625 0.81953125 0.01796875 0.0546875
1 0.6734375 0.82890625 0.01875 0.0625
5 0.78125 0.8234375 0.025 0.04375
3 0.55234375 0.83203125 0.0265625 0.0640625
2 0.70625 0.82734375 0.0234375 0.05859375
2 0.8890625 0.82109375 0.0234375 0.05625
2 0.47421875 0.83671875 0.0203125 0.06640625
8 0.5203125 0.83125 0.0265625 0.0625
6 0.62734375 0.83046875 0.0265625 0.06796875