0 0.81484375 0.86875 0.01328125 0.028125
5 0.953125 0.86015625 0.02265625 0.0453125
9 0.92265625 0.8609375 0.02109375 0.0625
1 0.84609375 0.8625 0.0140625 0.06015625
0 0.58125 0.8640625 0.01328125 0.03046875
1 0.8765625 0.8625 0.0140625 0.06015625
1 0.6578125 0.85859375 0.015625 0.0640625
5 0.76875 0.8625 0.02265625 0.0375
2 0.5328125 0.8546875 0.0203125 0.0640625
1 0.6125 0.8578125 0.015625 0.0625
4 0.68984375 0.86015625 0.015625 0.06796875
1 0.73671875 0.8625 0.0140625 0.06796875
2 0.45703125 0.85390625 0.01875 0.06953125
8 0.5015625 0.8515625 0.0234375 0.06953125