0 0.5890625 0.8484375 0.01640625 0.03984375
0 0.81953125 0.8421875 0.01796875 0.03203125
1 0.84921875 0.83671875 0.0203125 0.06640625
0 0.696875 0.84453125 0.01796875 0.03984375
1 0.74140625 0.83671875 0.0203125 0.0734375
1 0.66484375 0.8390625 0.0203125 0.06953125
2 0.46796875 0.8421875 0.0234375 0.0734375
5 0.771875 0.83515625 0.025 0.046875
2 0.621875 0.8390625 0.02734375 0.06953125
3 0.9546875 0.82890625 0.02890625 0.06640625
5 0.88046875 0.8328125 0.02734375 0.04375
6 0.92421875 0.8265625 0.02734375 0.06796875
8 0.5109375 0.840625 0.02734375 0.06953125
2 0.54375 0.8421875 0.0234375 0.06640625