0 0.81484375 0.8125 0.01796875 0.0359375
0 0.55625 0.81484375 0.0203125 0.04140625
1 0.640625 0.80546875 0.02109375 0.071875
1 0.8484375 0.803125 0.02109375 0.0625
1 0.5890625 0.80390625 0.02109375 0.07578125
4 0.88125 0.80078125 0.02109375 0.06953125
1 0.72890625 0.803125 0.0234375 0.07734375
2 0.42265625 0.80546875 0.03125 0.0828125
5 0.93359375 0.7984375 0.0265625 0.04140625
2 0.675 0.8078125 0.0265625 0.071875
2 0.96640625 0.79375 0.0234375 0.06640625
6 0.7609375 0.803125 0.0265625 0.08125
8 0.4703125 0.8046875 0.03359375 0.08125
2 0.50703125 0.80546875 0.02890625 0.07578125