0 0.83046875 0.83671875 0.01328125 0.02421875
0 0.6015625 0.840625 0.01328125 0.0359375
0 0.709375 0.83984375 0.0140625 0.0375
3 0.96171875 0.82578125 0.02109375 0.05859375
1 0.75625 0.83359375 0.01640625 0.0640625
1 0.6328125 0.83359375 0.01796875 0.06796875
2 0.47890625 0.83671875 0.02109375 0.0734375
1 0.6796875 0.83203125 0.01875 0.0640625
8 0.93125 0.8234375 0.025 0.0546875
3 0.86015625 0.828125 0.02265625 0.05625
5 0.784375 0.83046875 0.02109375 0.04140625
6 0.8875 0.8265625 0.02265625 0.06015625
2 0.55546875 0.8359375 0.0203125 0.0640625
8 0.52265625 0.83515625 0.0265625 0.06953125