0 0.821875 0.83359375 0.015625 0.0265625
0 0.5921875 0.840625 0.01328125 0.03203125
1 0.62265625 0.8328125 0.01640625 0.0625
1 0.92890625 0.82734375 0.01640625 0.05859375
2 0.471875 0.83984375 0.0203125 0.06796875
1 0.74453125 0.83359375 0.01796875 0.06015625
3 0.69921875 0.83125 0.025 0.0546875
8 0.515625 0.8390625 0.0234375 0.06953125
2 0.546875 0.8359375 0.0203125 0.0640625
5 0.775 0.82890625 0.0234375 0.04375
2 0.66796875 0.8328125 0.02109375 0.0625
3 0.8515625 0.8265625 0.0234375 0.05625
6 0.9578125 0.82265625 0.02265625 0.05625
3 0.8828125 0.82578125 0.025 0.0546875