0 0.85625 0.83671875 0.015625 0.02421875
0 0.8859375 0.8359375 0.0140625 0.0265625
0 0.6734375 0.84375 0.01171875 0.0265625
0 0.82578125 0.83671875 0.015625 0.02421875
0 0.596875 0.84609375 0.01328125 0.028125
1 0.75 0.83359375 0.01640625 0.05625
8 0.9296875 0.8265625 0.0265625 0.053125
1 0.9609375 0.8265625 0.01640625 0.05625
5 0.7796875 0.83125 0.02109375 0.0359375
2 0.4765625 0.84375 0.01875 0.0640625
5 0.7046875 0.8328125 0.01875 0.03984375
8 0.52109375 0.840625 0.0234375 0.0625
3 0.553125 0.8390625 0.025 0.0625
6 0.6265625 0.8359375 0.0234375 0.06015625