0 0.86640625 0.83046875 0.02109375 0.03359375
0 0.83515625 0.828125 0.02265625 0.0375
1 0.896875 0.81953125 0.02265625 0.06640625
0 0.6375 0.8375 0.0203125 0.04140625
2 0.48515625 0.8359375 0.025 0.071875
2 0.940625 0.8171875 0.0265625 0.071875
3 0.97109375 0.81484375 0.02890625 0.06796875
5 0.79140625 0.8234375 0.03203125 0.05078125
1 0.60625 0.83203125 0.025 0.071875
2 0.5640625 0.83359375 0.02734375 0.06796875
1 0.75859375 0.8265625 0.0234375 0.071875
8 0.5296875 0.83359375 0.03359375 0.06796875
1 0.68203125 0.83125 0.0234375 0.0734375
8 0.71640625 0.82890625 0.03203125 0.06953125