0 0.853125 0.8515625 0.01796875 0.03203125
0 0.57578125 0.8546875 0.0203125 0.04140625
0 0.82109375 0.85078125 0.01640625 0.03046875
5 0.77265625 0.8453125 0.0265625 0.0453125
2 0.9625 0.83671875 0.025 0.05859375
2 0.93125 0.8359375 0.02734375 0.05625
1 0.73984375 0.8453125 0.01796875 0.071875
2 0.4453125 0.84609375 0.02109375 0.06640625
2 0.6578125 0.84609375 0.02734375 0.06953125
2 0.61015625 0.846875 0.02734375 0.06796875
9 0.8859375 0.840625 0.0265625 0.0625
3 0.528125 0.84609375 0.0296875 0.06953125
8 0.49296875 0.84375 0.02890625 0.0640625
7 0.69140625 0.84609375 0.0296875 0.0734375