0 0.8234375 0.82890625 0.01875 0.03984375
0 0.59609375 0.8390625 0.01875 0.03984375
0 0.85546875 0.82890625 0.02265625 0.04375
0 0.67109375 0.83125 0.02109375 0.0359375
1 0.96328125 0.82109375 0.0234375 0.0640625
3 0.553125 0.83046875 0.02734375 0.06015625
2 0.4765625 0.8328125 0.02734375 0.06953125
3 0.628125 0.828125 0.03203125 0.06796875
2 0.93125 0.81953125 0.03125 0.06640625
8 0.51875 0.82734375 0.03125 0.06640625
5 0.77890625 0.82265625 0.0296875 0.04921875
2 0.88671875 0.82109375 0.02890625 0.06796875
1 0.74765625 0.82734375 0.0234375 0.0734375
8 0.703125 0.8234375 0.03203125 0.05859375