0 0.8015625 0.853125 0.0140625 0.03046875
0 0.6765625 0.84453125 0.01328125 0.03203125
0 0.57109375 0.83984375 0.0109375 0.03046875
1 0.7234375 0.8421875 0.015625 0.06953125
5 0.75390625 0.8421875 0.02265625 0.04375
5 0.90703125 0.8515625 0.0265625 0.046875
1 0.83125 0.8484375 0.01640625 0.05859375
4 0.60078125 0.83515625 0.015625 0.0625
4 0.93828125 0.8515625 0.01640625 0.0625
5 0.4953125 0.82734375 0.02109375 0.03984375
1 0.646875 0.8359375 0.015625 0.06015625
4 0.52578125 0.82890625 0.015625 0.0625
2 0.4515625 0.8234375 0.01875 0.05859375
2 0.8625 0.84609375 0.02265625 0.05859375