0 0.81640625 0.81015625 0.01875 0.03203125
0 0.5734375 0.82109375 0.015625 0.03359375
1 0.8484375 0.80390625 0.0234375 0.071875
2 0.96484375 0.78984375 0.02734375 0.0734375
5 0.8828125 0.8 0.02734375 0.0453125
5 0.76640625 0.80390625 0.02734375 0.0453125
1 0.6515625 0.8109375 0.0203125 0.071875
1 0.7328125 0.80859375 0.02265625 0.06953125
1 0.60390625 0.81328125 0.0203125 0.06796875
3 0.93046875 0.78984375 0.02734375 0.06953125
5 0.684375 0.80859375 0.0265625 0.046875
2 0.44765625 0.821875 0.02109375 0.06640625
7 0.4921875 0.8171875 0.02734375 0.07890625
7 0.525 0.81796875 0.0234375 0.0734375