0 0.8484375 0.8375 0.01796875 0.03046875
0 0.68984375 0.83203125 0.01328125 0.03046875
0 0.8171875 0.83671875 0.015625 0.028125
0 0.58203125 0.82578125 0.01171875 0.03203125
5 0.87890625 0.83125 0.0234375 0.04375
1 0.7390625 0.82421875 0.01796875 0.06796875
1 0.95390625 0.83125 0.01640625 0.0625
5 0.7703125 0.82578125 0.0234375 0.04375
5 0.50546875 0.81484375 0.02265625 0.04140625
8 0.9234375 0.82890625 0.0265625 0.0625
2 0.46171875 0.8140625 0.02109375 0.0625
4 0.6125 0.82109375 0.015625 0.06015625
2 0.659375 0.8234375 0.01875 0.06640625
4 0.53515625 0.8171875 0.01796875 0.06015625