0 0.7984375 0.85 0.0140625 0.02421875
0 0.6359375 0.84609375 0.0140625 0.03203125
0 0.55546875 0.84453125 0.01328125 0.028125
4 0.946875 0.8453125 0.01796875 0.05625
4 0.8640625 0.8453125 0.0140625 0.053125
5 0.9140625 0.8453125 0.0234375 0.04140625
5 0.475 0.83671875 0.02109375 0.04375
1 0.7171875 0.84375 0.01796875 0.05625
2 0.4296875 0.83671875 0.02109375 0.0546875
6 0.5859375 0.8375 0.0265625 0.05625
6 0.6671875 0.8390625 0.025 0.0546875
2 0.83125 0.84453125 0.02109375 0.0546875
6 0.7484375 0.83984375 0.0234375 0.06015625
4 0.50703125 0.8390625 0.01640625 0.0625