0 0.58671875 0.86875 0.0140625 0.0359375
0 0.81875 0.8640625 0.015625 0.03046875
1 0.9265625 0.85546875 0.01640625 0.05859375
1 0.66328125 0.85859375 0.01640625 0.06796875
1 0.61875 0.85859375 0.01796875 0.0640625
2 0.8484375 0.85390625 0.02265625 0.06640625
5 0.77109375 0.8578125 0.0234375 0.04375
1 0.74140625 0.8609375 0.01796875 0.06640625
2 0.465625 0.8625 0.01875 0.071875
3 0.88125 0.8546875 0.0265625 0.05625
8 0.509375 0.8625 0.0265625 0.071875
1 0.95625 0.853125 0.01640625 0.05625
2 0.54140625 0.8609375 0.0203125 0.06640625
9 0.69453125 0.85859375 0.0203125 0.06796875