1 0.9515625 0.84453125 0.01171875 0.0625
0 0.81640625 0.8515625 0.01328125 0.028125
0 0.69140625 0.84921875 0.0140625 0.03046875
6 0.8765625 0.84375 0.02109375 0.06015625
0 0.58359375 0.84453125 0.01171875 0.028125
1 0.846875 0.8453125 0.015625 0.06015625
5 0.76953125 0.84453125 0.02265625 0.04375
1 0.73828125 0.84453125 0.0140625 0.06640625
4 0.92109375 0.84609375 0.015625 0.0625
1 0.6609375 0.8390625 0.0140625 0.05859375
3 0.53828125 0.83359375 0.0234375 0.06015625
5 0.50703125 0.83359375 0.02109375 0.04140625
4 0.61484375 0.8375 0.015625 0.06015625
2 0.46171875 0.83359375 0.01875 0.06015625