0 0.57890625 0.83671875 0.01640625 0.028125
0 0.8390625 0.84375 0.01875 0.03359375
0 0.80625 0.840625 0.0203125 0.03203125
1 0.9140625 0.83984375 0.02109375 0.06015625
1 0.65390625 0.83203125 0.02265625 0.05625
1 0.94609375 0.83984375 0.0203125 0.06015625
1 0.73046875 0.83359375 0.02265625 0.0640625
2 0.459375 0.8265625 0.03125 0.071875
3 0.6859375 0.83203125 0.02734375 0.0640625
5 0.7609375 0.8328125 0.025 0.04375
3 0.53515625 0.828125 0.02734375 0.06015625
3 0.60859375 0.83046875 0.0296875 0.06015625
9 0.86953125 0.8359375 0.025 0.0640625
8 0.5015625 0.82421875 0.03203125 0.06796875