0 0.85859375 0.8515625 0.0203125 0.03203125
0 0.796875 0.84921875 0.015625 0.03046875
0 0.82890625 0.85 0.02109375 0.0359375
1 0.71875 0.83984375 0.01640625 0.0640625
1 0.56328125 0.8359375 0.01875 0.06796875
1 0.59609375 0.83515625 0.01796875 0.0625
1 0.64140625 0.8359375 0.01640625 0.0640625
1 0.6734375 0.8390625 0.01796875 0.06640625
5 0.75 0.83984375 0.0265625 0.0453125
2 0.93984375 0.84140625 0.025 0.0640625
6 0.90625 0.8421875 0.02734375 0.0625
2 0.44375 0.828125 0.025 0.0640625
7 0.4859375 0.828125 0.0296875 0.0640625
6 0.5171875 0.83046875 0.02265625 0.06015625