0 0.84609375 0.84140625 0.02109375 0.03046875
0 0.8140625 0.840625 0.01796875 0.03203125
0 0.58515625 0.8421875 0.0203125 0.03984375
1 0.73828125 0.8390625 0.02109375 0.0625
7 0.953125 0.82890625 0.0296875 0.0625
1 0.66171875 0.83984375 0.01875 0.06015625
2 0.4640625 0.83984375 0.02109375 0.071875
3 0.69375 0.83359375 0.02734375 0.0640625
3 0.92109375 0.83203125 0.025 0.06015625
5 0.76953125 0.83359375 0.02734375 0.04921875
8 0.50859375 0.8375 0.0265625 0.0640625
7 0.8765625 0.83515625 0.02890625 0.06640625
6 0.615625 0.8359375 0.02890625 0.06015625
2 0.540625 0.8390625 0.0265625 0.06953125