0 0.5859375 0.840625 0.01328125 0.028125
0 0.8140625 0.840625 0.01328125 0.028125
1 0.7375 0.83515625 0.01796875 0.05859375
1 0.6625 0.83359375 0.01796875 0.053125
2 0.46640625 0.82890625 0.01875 0.0625
4 0.9515625 0.83515625 0.01640625 0.05859375
3 0.5421875 0.82890625 0.025 0.05859375
3 0.61796875 0.83203125 0.02890625 0.06015625
5 0.76796875 0.8328125 0.0234375 0.03984375
3 0.69296875 0.83046875 0.0265625 0.06015625
8 0.51015625 0.82890625 0.025 0.0625
2 0.92109375 0.83359375 0.02265625 0.06015625
8 0.875 0.82890625 0.0234375 0.0546875
2 0.84375 0.8328125 0.02265625 0.06640625