0 0.6484375 0.896875 0.0140625 0.03203125
0 0.8015625 0.90625 0.015625 0.028125
0 0.571875 0.8921875 0.01328125 0.03359375
1 0.72578125 0.89609375 0.01796875 0.0640625
6 0.91015625 0.90546875 0.02734375 0.06796875
9 0.67890625 0.88984375 0.02265625 0.06640625
2 0.83359375 0.9 0.02109375 0.06796875
5 0.75546875 0.8953125 0.02265625 0.04375
3 0.603125 0.8859375 0.025 0.06953125
3 0.86640625 0.903125 0.0296875 0.06640625
2 0.94296875 0.90546875 0.0234375 0.06015625
3 0.52890625 0.88046875 0.0234375 0.06640625
2 0.45390625 0.8765625 0.01875 0.06640625
8 0.49765625 0.878125 0.0234375 0.06640625