0 0.590625 0.8484375 0.01171875 0.028125
0 0.66640625 0.84453125 0.0109375 0.02421875
0 0.8203125 0.83984375 0.01171875 0.0265625
1 0.9265625 0.83203125 0.015625 0.05625
5 0.696875 0.8359375 0.0203125 0.0375
1 0.62109375 0.83984375 0.015625 0.06015625
1 0.7421875 0.83671875 0.015625 0.0625
5 0.7734375 0.83359375 0.02109375 0.04140625
2 0.84921875 0.82890625 0.0203125 0.05859375
6 0.95625 0.82734375 0.02109375 0.0546875
3 0.54375 0.8390625 0.02265625 0.0625
2 0.46875 0.8453125 0.0203125 0.06796875
3 0.88125 0.828125 0.025 0.053125
8 0.51328125 0.84140625 0.0234375 0.06796875