0 0.8203125 0.83359375 0.0140625 0.0265625
0 0.58359375 0.83984375 0.0109375 0.03046875
1 0.6609375 0.83359375 0.01640625 0.06796875
4 0.9625 0.82578125 0.0203125 0.0546875
2 0.45703125 0.8359375 0.01875 0.053125
5 0.69375 0.82890625 0.0234375 0.03984375
1 0.740625 0.83125 0.01875 0.0625
5 0.50390625 0.8359375 0.0203125 0.0375
1 0.88359375 0.82734375 0.01796875 0.05078125
4 0.5359375 0.83671875 0.0140625 0.0625
5 0.771875 0.82734375 0.02265625 0.03984375
3 0.6140625 0.83203125 0.0265625 0.06015625
2 0.8515625 0.828125 0.02109375 0.05625
7 0.9296875 0.82421875 0.02890625 0.0640625