0 0.8140625 0.8421875 0.01328125 0.02421875
0 0.5859375 0.8453125 0.0109375 0.03046875
4 0.69140625 0.8359375 0.0140625 0.06015625
1 0.6609375 0.83671875 0.0140625 0.06640625
1 0.73671875 0.8375 0.0140625 0.0640625
3 0.94921875 0.8328125 0.02265625 0.0625
7 0.509375 0.8390625 0.0265625 0.06953125
2 0.61640625 0.8390625 0.0203125 0.0625
5 0.76796875 0.83515625 0.02109375 0.03984375
2 0.46640625 0.8390625 0.01796875 0.0625
3 0.875 0.83359375 0.0265625 0.06015625
7 0.540625 0.8390625 0.0234375 0.06953125
2 0.84453125 0.8359375 0.0203125 0.06015625
8 0.91953125 0.83046875 0.025 0.05625