0 0.853125 0.83515625 0.015625 0.02421875
0 0.93125 0.83203125 0.01328125 0.0265625
0 0.8234375 0.83359375 0.01328125 0.0265625
0 0.58984375 0.83984375 0.0203125 0.04140625
3 0.96171875 0.82421875 0.0265625 0.06015625
5 0.77578125 0.82734375 0.025 0.04375
1 0.74375 0.82890625 0.01640625 0.06640625
4 0.884375 0.828125 0.01640625 0.05625
2 0.6984375 0.83046875 0.0234375 0.0640625
7 0.5109375 0.82890625 0.0296875 0.06640625
2 0.66640625 0.83125 0.0203125 0.06640625
9 0.621875 0.82890625 0.02265625 0.06953125
2 0.46875 0.83125 0.02265625 0.0625
6 0.5421875 0.83046875 0.02265625 0.06796875