0 0.8265625 0.83125 0.0109375 0.028125
1 0.75 0.82734375 0.0140625 0.0625
1 0.85625 0.8234375 0.015625 0.0546875
1 0.88671875 0.82265625 0.0140625 0.06015625
4 0.93125 0.821875 0.015625 0.05859375
1 0.5984375 0.82890625 0.01171875 0.0625
1 0.9609375 0.81953125 0.01328125 0.05859375
8 0.52265625 0.82421875 0.0265625 0.06015625
2 0.55390625 0.82734375 0.01796875 0.0625
2 0.6734375 0.82421875 0.0203125 0.0640625
2 0.47890625 0.82890625 0.0203125 0.0625
5 0.78046875 0.8234375 0.0203125 0.03984375
5 0.70390625 0.82421875 0.0203125 0.0375
2 0.62890625 0.8265625 0.01875 0.06015625