0 0.87265625 0.83515625 0.01875 0.03984375
0 0.68125 0.8375 0.01875 0.04140625
0 0.90390625 0.83515625 0.02265625 0.046875
1 0.63515625 0.83125 0.02734375 0.06953125
8 0.98359375 0.82265625 0.0296875 0.05625
2 0.5578125 0.83046875 0.02734375 0.0640625
1 0.759375 0.82578125 0.0234375 0.0734375
3 0.95 0.82421875 0.03125 0.06796875
1 0.6015625 0.828125 0.02734375 0.071875
2 0.79375 0.828125 0.03203125 0.07578125
8 0.5234375 0.82890625 0.03359375 0.06640625
1 0.71171875 0.82421875 0.0234375 0.07578125
2 0.4796875 0.8328125 0.02890625 0.07734375
1 0.840625 0.8234375 0.03125 0.08125