0 0.87734375 0.84453125 0.0140625 0.03203125
1 0.9234375 0.8390625 0.015625 0.06953125
0 0.8171875 0.84375 0.01328125 0.03046875
0 0.66171875 0.8375 0.0140625 0.0375
0 0.5859375 0.83671875 0.01171875 0.0359375
8 0.953125 0.8390625 0.025 0.06640625
1 0.84765625 0.8390625 0.01875 0.0625
1 0.7390625 0.8328125 0.01796875 0.06640625
5 0.76953125 0.8328125 0.02265625 0.04375
2 0.4625 0.82265625 0.01796875 0.071875
6 0.69140625 0.828125 0.0203125 0.06796875
8 0.50703125 0.8234375 0.0234375 0.0734375
2 0.5390625 0.8265625 0.01875 0.06796875
2 0.61640625 0.82890625 0.01875 0.06640625