0 0.8890625 0.8375 0.02265625 0.0375
0 0.6765625 0.8453125 0.01875 0.0375
0 0.59921875 0.846875 0.01796875 0.03359375
0 0.82734375 0.83984375 0.01875 0.03359375
1 0.70703125 0.83984375 0.01640625 0.071875
4 0.62890625 0.84140625 0.01796875 0.071875
1 0.7515625 0.840625 0.01875 0.0734375
1 0.9640625 0.83046875 0.0234375 0.0640625
5 0.78203125 0.83515625 0.0265625 0.046875
3 0.85625 0.83203125 0.0296875 0.071875
2 0.9328125 0.828125 0.0296875 0.0640625
2 0.478125 0.84375 0.0203125 0.07890625
8 0.52265625 0.840625 0.0265625 0.06953125
2 0.5546875 0.84140625 0.02109375 0.06796875