0 0.81328125 0.8453125 0.01171875 0.02265625
0 0.84140625 0.84453125 0.0140625 0.02421875
1 0.734375 0.8390625 0.01640625 0.06953125
5 0.76640625 0.83671875 0.02265625 0.03984375
1 0.61640625 0.83515625 0.01796875 0.0625
8 0.87265625 0.83515625 0.0265625 0.0546875
1 0.58359375 0.83671875 0.01875 0.06640625
7 0.50625 0.828125 0.0296875 0.0640625
2 0.4625 0.83125 0.02265625 0.06640625
6 0.53671875 0.82890625 0.02109375 0.06640625
1 0.66015625 0.8328125 0.015625 0.0625
8 0.68984375 0.83203125 0.025 0.0640625
8 0.946875 0.83515625 0.02265625 0.0546875
6 0.91640625 0.8359375 0.02109375 0.05625