0 0.6015625 0.84609375 0.0109375 0.028125
0 0.83046875 0.83671875 0.01328125 0.028125
0 0.9359375 0.8359375 0.01328125 0.0265625
0 0.8609375 0.8375 0.01171875 0.0265625
1 0.96640625 0.82421875 0.01640625 0.06015625
0 0.67734375 0.8421875 0.01171875 0.028125
5 0.5234375 0.84140625 0.01875 0.04140625
1 0.75390625 0.8359375 0.015625 0.06015625
5 0.78359375 0.83125 0.0203125 0.03984375
3 0.890625 0.8265625 0.0234375 0.05625
5 0.70859375 0.83359375 0.02109375 0.0375
2 0.47890625 0.84140625 0.01875 0.05625
4 0.5546875 0.840625 0.0140625 0.0625
6 0.63046875 0.8359375 0.02265625 0.05625