1 0.8640625 0.83984375 0.01640625 0.053125
3 0.9765625 0.840625 0.025 0.0546875
4 0.9453125 0.84140625 0.01640625 0.05625
8 0.89609375 0.8390625 0.02734375 0.0546875
0 0.59140625 0.8421875 0.015625 0.028125
0 0.8328125 0.8453125 0.01328125 0.0265625
1 0.7515625 0.83671875 0.02109375 0.05859375
2 0.4640625 0.8328125 0.0265625 0.05859375
3 0.54609375 0.8328125 0.02734375 0.0625
8 0.51015625 0.83046875 0.0296875 0.06015625
5 0.78359375 0.8375 0.02265625 0.0375
4 0.62421875 0.83671875 0.0203125 0.05078125
1 0.671875 0.8359375 0.01796875 0.05625
7 0.70390625 0.8359375 0.02734375 0.0640625