0 0.55859375 0.82265625 0.01796875 0.03046875
0 0.8109375 0.83359375 0.0140625 0.03046875
2 0.43125 0.8109375 0.0234375 0.05625
1 0.9640625 0.83046875 0.01640625 0.0640625
5 0.59140625 0.8171875 0.0265625 0.04140625
1 0.84609375 0.83046875 0.01796875 0.06015625
1 0.72578125 0.82421875 0.01796875 0.0640625
1 0.88125 0.83125 0.01875 0.0625
7 0.675 0.81875 0.03125 0.06796875
8 0.4765625 0.8125 0.0296875 0.05859375
2 0.51171875 0.81484375 0.0265625 0.06015625
5 0.759375 0.82265625 0.0234375 0.04140625
1 0.64140625 0.82109375 0.01796875 0.0640625
6 0.93125 0.82734375 0.0265625 0.0625