0 0.8484375 0.85390625 0.0203125 0.028125
0 0.81484375 0.8515625 0.015625 0.028125
1 0.7375 0.846875 0.01796875 0.0640625
1 0.87890625 0.8484375 0.02109375 0.05859375
0 0.57890625 0.8484375 0.01171875 0.028125
0 0.6578125 0.84921875 0.01328125 0.03046875
5 0.76875 0.84453125 0.0234375 0.03984375
4 0.92421875 0.8453125 0.0203125 0.05625
4 0.95390625 0.8453125 0.02265625 0.05625
5 0.5015625 0.83671875 0.02265625 0.03984375
3 0.68984375 0.8421875 0.025 0.0625
2 0.4546875 0.83515625 0.01875 0.05859375
3 0.53359375 0.8359375 0.0265625 0.06015625
7 0.61015625 0.83984375 0.02265625 0.06796875