0 0.8234375 0.83046875 0.01328125 0.03046875
0 0.665625 0.82578125 0.01171875 0.03203125
1 0.85390625 0.82265625 0.015625 0.0640625
1 0.88359375 0.82421875 0.0140625 0.06015625
2 0.54296875 0.8109375 0.01875 0.06796875
8 0.5109375 0.80859375 0.0234375 0.06953125
4 0.95625 0.8265625 0.01328125 0.06015625
1 0.74375 0.81875 0.01328125 0.06796875
5 0.775 0.81953125 0.02109375 0.046875
2 0.465625 0.80625 0.01875 0.06640625
9 0.61875 0.81328125 0.0203125 0.06796875
3 0.92890625 0.82421875 0.02265625 0.0640625
7 0.69609375 0.8171875 0.0234375 0.071875