0 0.8375 0.84140625 0.01328125 0.0265625
5 0.75859375 0.83125 0.0265625 0.04375
0 0.80703125 0.8390625 0.0140625 0.028125
1 0.72734375 0.83203125 0.01640625 0.06796875
0 0.56796875 0.83203125 0.01171875 0.03046875
3 0.94921875 0.83515625 0.02734375 0.0625
9 0.91875 0.8359375 0.02265625 0.05625
4 0.60078125 0.82578125 0.015625 0.0625
8 0.6796875 0.8265625 0.0265625 0.05625
4 0.8703125 0.8375 0.01640625 0.05625
2 0.44375 0.81953125 0.01875 0.05859375
5 0.490625 0.81953125 0.0234375 0.046875
2 0.64765625 0.828125 0.02109375 0.0640625
3 0.521875 0.82109375 0.02734375 0.0640625