0 0.59921875 0.84453125 0.015625 0.0359375
1 0.621875 0.8375 0.01328125 0.06015625
0 0.82109375 0.8359375 0.01171875 0.0265625
3 0.634375 0.83671875 0.02109375 0.0625
1 0.8515625 0.83046875 0.0140625 0.05625
1 0.9546875 0.828125 0.0140625 0.0640625
1 0.67421875 0.8359375 0.015625 0.06015625
4 0.87890625 0.828125 0.01796875 0.05625
1 0.746875 0.83203125 0.01796875 0.06015625
2 0.48046875 0.8375 0.02734375 0.06015625
6 0.9234375 0.82578125 0.0234375 0.06640625
8 0.5234375 0.8359375 0.03203125 0.06796875
9 0.703125 0.83203125 0.0203125 0.06015625
5 0.77734375 0.82890625 0.02109375 0.03984375
3 0.55703125 0.8375 0.02890625 0.0640625