0 0.678125 0.82421875 0.01328125 0.03046875
0 0.80859375 0.82578125 0.0140625 0.03203125
0 0.5671875 0.8265625 0.01328125 0.0265625
4 0.9234375 0.81875 0.01640625 0.0640625
1 0.7265625 0.81875 0.01640625 0.06796875
5 0.75859375 0.8171875 0.02265625 0.04140625
1 0.840625 0.81796875 0.01875 0.0625
1 0.59921875 0.81796875 0.01796875 0.05859375
1 0.64609375 0.8171875 0.01640625 0.06015625
3 0.95625 0.81484375 0.025 0.0640625
2 0.87421875 0.81953125 0.025 0.0625
2 0.44140625 0.82109375 0.02265625 0.0640625
8 0.4859375 0.81796875 0.02734375 0.06640625
3 0.51875 0.8171875 0.0234375 0.06015625