0 0.82890625 0.83671875 0.015625 0.028125
0 0.5796875 0.8359375 0.02109375 0.0375
1 0.69609375 0.83046875 0.02109375 0.06796875
5 0.77890625 0.828125 0.02734375 0.04921875
1 0.74609375 0.83046875 0.0203125 0.06796875
3 0.6140625 0.828125 0.03359375 0.071875
2 0.4515625 0.8265625 0.02890625 0.07578125
2 0.66328125 0.828125 0.03125 0.06796875
3 0.53359375 0.82421875 0.0296875 0.06796875
6 0.94140625 0.83203125 0.0265625 0.0640625
3 0.86015625 0.83125 0.025 0.05859375
8 0.496875 0.821875 0.034375 0.06953125
8 0.97734375 0.83046875 0.0265625 0.05625
3 0.8953125 0.8328125 0.0265625 0.05859375