0 0.81484375 0.8328125 0.01328125 0.028125
0 0.66640625 0.83359375 0.01171875 0.03359375
0 0.59375 0.83515625 0.01171875 0.03984375
1 0.84375 0.82890625 0.01328125 0.0625
1 0.73984375 0.828125 0.015625 0.06796875
4 0.91640625 0.828125 0.015625 0.0640625
2 0.94609375 0.82421875 0.01875 0.05625
2 0.47578125 0.82578125 0.02265625 0.06640625
7 0.51875 0.81875 0.02734375 0.07578125
6 0.871875 0.82578125 0.0203125 0.0625
5 0.7703125 0.8265625 0.0234375 0.0453125
7 0.55 0.82421875 0.0234375 0.07578125
2 0.6234375 0.8265625 0.01796875 0.06796875
2 0.69609375 0.828125 0.0203125 0.06796875