0 0.6015625 0.83671875 0.01328125 0.0359375
0 0.859375 0.83046875 0.01640625 0.0265625
0 0.82734375 0.83046875 0.0140625 0.0265625
3 0.9640625 0.81640625 0.025 0.0625
4 0.7078125 0.82734375 0.0203125 0.05859375
5 0.52421875 0.83046875 0.02265625 0.0453125
1 0.753125 0.82578125 0.015625 0.06640625
9 0.93359375 0.8171875 0.0234375 0.06015625
5 0.7828125 0.82265625 0.02265625 0.0453125
2 0.4796875 0.828125 0.02109375 0.05625
2 0.8890625 0.821875 0.0203125 0.05859375
4 0.55546875 0.83125 0.01796875 0.06640625
2 0.67578125 0.8265625 0.02265625 0.0640625
6 0.63125 0.82421875 0.025 0.0640625