0 0.559375 0.8921875 0.0140625 0.03046875
0 0.82890625 0.90625 0.0140625 0.02421875
0 0.796875 0.903125 0.01328125 0.028125
1 0.71875 0.89453125 0.01796875 0.06015625
5 0.7484375 0.8921875 0.0234375 0.0453125
3 0.93671875 0.89921875 0.0265625 0.06640625
5 0.67109375 0.88984375 0.02109375 0.03984375
2 0.6390625 0.8890625 0.0203125 0.0640625
7 0.90625 0.89921875 0.0265625 0.0625
2 0.434375 0.878125 0.01875 0.06640625
7 0.859375 0.89921875 0.0265625 0.0625
6 0.590625 0.88515625 0.0234375 0.0640625
2 0.51328125 0.88203125 0.01875 0.06640625
8 0.4796875 0.88046875 0.0234375 0.06953125