0 0.66875 0.8546875 0.01875 0.03359375
0 0.88203125 0.86015625 0.01171875 0.0265625
0 0.82265625 0.859375 0.01171875 0.028125
9 0.95625 0.8515625 0.01875 0.0546875
2 0.5484375 0.8453125 0.02734375 0.071875
1 0.59140625 0.8484375 0.02109375 0.06640625
9 0.9265625 0.8546875 0.02109375 0.05625
1 0.85234375 0.8546875 0.01640625 0.06015625
2 0.6234375 0.8484375 0.02734375 0.06953125
2 0.46875 0.84375 0.0234375 0.06796875
8 0.515625 0.84609375 0.02890625 0.08125
6 0.6984375 0.8484375 0.02734375 0.06953125
5 0.7765625 0.85 0.0234375 0.046875
1 0.74609375 0.8546875 0.0203125 0.0640625