0 0.80625 0.85390625 0.01171875 0.028125
0 0.57265625 0.8453125 0.01171875 0.03046875
9 0.9453125 0.85078125 0.01875 0.06015625
1 0.8359375 0.8484375 0.01328125 0.0625
5 0.9140625 0.853125 0.02265625 0.04140625
1 0.7265625 0.84609375 0.015625 0.0625
9 0.86640625 0.8484375 0.01640625 0.0625
2 0.4515625 0.83125 0.01875 0.06953125
5 0.68125 0.840625 0.02109375 0.03984375
5 0.75859375 0.8453125 0.02109375 0.04140625
2 0.6484375 0.8375 0.02109375 0.06015625
2 0.5265625 0.83515625 0.01875 0.06640625
3 0.603125 0.8375 0.025 0.06015625
8 0.49453125 0.83203125 0.02265625 0.071875