0 0.8125 0.84375 0.01328125 0.0265625
0 0.8421875 0.84453125 0.01328125 0.028125
0 0.58125 0.83671875 0.0109375 0.03203125
5 0.95078125 0.83984375 0.025 0.04140625
1 0.65859375 0.8359375 0.0140625 0.06796875
1 0.7359375 0.83671875 0.0140625 0.0625
5 0.91875 0.8390625 0.025 0.03984375
5 0.5046875 0.828125 0.01875 0.04140625
5 0.76640625 0.8359375 0.02109375 0.04140625
3 0.6125 0.83125 0.025 0.0625
4 0.53515625 0.83125 0.01328125 0.0625
2 0.6890625 0.8359375 0.0203125 0.06796875
3 0.8734375 0.83515625 0.02890625 0.05859375
2 0.459375 0.82734375 0.01875 0.0625