1 0.871875 0.84375 0.02734375 0.05625
2 0.4140625 0.8453125 0.0265625 0.053125
0 0.8046875 0.8515625 0.01640625 0.028125
0 0.8359375 0.84921875 0.0203125 0.03046875
0 0.66640625 0.85 0.01875 0.03203125
0 0.54765625 0.85390625 0.02109375 0.028125
1 0.9234375 0.84375 0.02109375 0.06015625
1 0.7171875 0.84453125 0.02265625 0.05859375
5 0.7515625 0.84375 0.0265625 0.0453125
5 0.46171875 0.84609375 0.0265625 0.0359375
1 0.6328125 0.846875 0.025 0.05625
6 0.95625 0.8359375 0.02734375 0.05625
3 0.49765625 0.84375 0.03125 0.06796875
6 0.58125 0.84453125 0.03203125 0.0546875