0 0.5609375 0.8359375 0.0140625 0.03046875
0 0.803125 0.82109375 0.01328125 0.03046875
1 0.64140625 0.8234375 0.01640625 0.06640625
2 0.43203125 0.83203125 0.0265625 0.06796875
1 0.83671875 0.8125 0.01640625 0.0625
1 0.7234375 0.81875 0.0203125 0.0640625
3 0.5140625 0.83046875 0.02734375 0.0640625
2 0.9484375 0.80390625 0.0234375 0.0640625
9 0.675 0.81796875 0.02109375 0.06640625
5 0.75546875 0.8140625 0.02265625 0.04375
3 0.59375 0.82578125 0.02890625 0.06640625
6 0.9140625 0.8046875 0.025 0.0625
8 0.47890625 0.82890625 0.03125 0.06953125
7 0.86796875 0.809375 0.02890625 0.071875