0 0.878125 0.8359375 0.01328125 0.02265625
0 0.8484375 0.8375 0.01328125 0.0265625
2 0.50625 0.8390625 0.0234375 0.0734375
1 0.77578125 0.83515625 0.01796875 0.0625
1 0.6234375 0.840625 0.02109375 0.06953125
2 0.5796875 0.83984375 0.0265625 0.06796875
1 0.70078125 0.8390625 0.01796875 0.06640625
0 0.65390625 0.84453125 0.0140625 0.03984375
1 0.73125 0.8375 0.01875 0.0640625
8 0.5484375 0.83671875 0.02734375 0.07734375
5 0.9484375 0.81953125 0.0203125 0.04375
5 0.80390625 0.83125 0.0203125 0.04375
8 0.9765625 0.81875 0.02109375 0.06015625
2 0.90625 0.82265625 0.0203125 0.05625