0 0.8140625 0.85390625 0.01328125 0.028125
1 0.7359375 0.8484375 0.01640625 0.06640625
1 0.84375 0.84921875 0.0140625 0.06015625
1 0.6140625 0.8390625 0.01640625 0.05859375
1 0.66015625 0.8421875 0.015625 0.0625
5 0.76640625 0.84453125 0.0234375 0.04375
1 0.58359375 0.840625 0.01875 0.06640625
2 0.91953125 0.8484375 0.02265625 0.05859375
3 0.68984375 0.83984375 0.025 0.06796875
6 0.95 0.846875 0.0234375 0.05625
7 0.50625 0.83515625 0.02890625 0.06640625
6 0.875 0.846875 0.0234375 0.06015625
6 0.5359375 0.83671875 0.02265625 0.06640625
2 0.46171875 0.8390625 0.0234375 0.06953125