0 0.8453125 0.871875 0.01171875 0.0265625
0 0.81328125 0.871875 0.01171875 0.0265625
0 0.56875 0.86328125 0.01171875 0.0359375
4 0.51875 0.8546875 0.0140625 0.07578125
1 0.9234375 0.86328125 0.0140625 0.05859375
1 0.73203125 0.8609375 0.0140625 0.06953125
4 0.68359375 0.859375 0.01640625 0.06640625
2 0.6515625 0.859375 0.02109375 0.06953125
1 0.953125 0.8609375 0.01328125 0.05859375
5 0.4859375 0.85390625 0.0203125 0.046875
5 0.8765625 0.8609375 0.0203125 0.04375
5 0.76484375 0.8609375 0.02265625 0.046875
2 0.43984375 0.8515625 0.0203125 0.06953125
3 0.6015625 0.85625 0.0265625 0.06796875