0 0.59296875 0.81796875 0.01171875 0.028125
0 0.81796875 0.8234375 0.0140625 0.028125
0 0.87890625 0.8265625 0.01171875 0.0265625
1 0.8484375 0.81875 0.01796875 0.053125
2 0.47578125 0.8125 0.0203125 0.06953125
9 0.92578125 0.81796875 0.0203125 0.0546875
2 0.95625 0.82109375 0.01875 0.053125
1 0.74140625 0.81484375 0.015625 0.05625
5 0.696875 0.8109375 0.0203125 0.0375
5 0.77109375 0.81328125 0.0203125 0.0375
4 0.62109375 0.81015625 0.01640625 0.0546875
2 0.5484375 0.80859375 0.0203125 0.05859375
8 0.5171875 0.809375 0.02265625 0.06796875
2 0.66640625 0.81015625 0.0203125 0.0625