0 0.83828125 0.85390625 0.01640625 0.03984375
0 0.65546875 0.8453125 0.01796875 0.0375
0 0.80859375 0.85390625 0.015625 0.0359375
1 0.57890625 0.8359375 0.02265625 0.071875
5 0.7640625 0.840625 0.025 0.05078125
8 0.50078125 0.8265625 0.0296875 0.071875
4 0.91328125 0.85078125 0.02109375 0.06796875
2 0.4546875 0.82734375 0.02109375 0.06953125
2 0.53359375 0.83125 0.02734375 0.06640625
1 0.7328125 0.84140625 0.0203125 0.07578125
5 0.86875 0.8453125 0.0265625 0.0453125
2 0.6109375 0.83359375 0.0265625 0.071875
7 0.68671875 0.83671875 0.03125 0.0734375
6 0.94375 0.84921875 0.03125 0.07578125