0 0.65859375 0.83046875 0.01796875 0.0375
0 0.58359375 0.83515625 0.015625 0.03984375
0 0.81484375 0.83125 0.015625 0.028125
0 0.84453125 0.82890625 0.01796875 0.028125
1 0.73828125 0.82578125 0.01875 0.0625
2 0.46328125 0.83046875 0.0234375 0.0640625
7 0.5375 0.8234375 0.025 0.0734375
7 0.50546875 0.82265625 0.02734375 0.071875
6 0.6890625 0.82109375 0.02265625 0.06015625
5 0.8765625 0.81953125 0.02734375 0.04375
9 0.9546875 0.81875 0.0265625 0.06015625
8 0.921875 0.82109375 0.0296875 0.06015625
2 0.61484375 0.8234375 0.0203125 0.06640625
6 0.7671875 0.82265625 0.02265625 0.071875