0 0.821875 0.828125 0.01328125 0.0265625
0 0.85234375 0.82734375 0.01640625 0.028125
0 0.92890625 0.82578125 0.0140625 0.028125
0 0.67109375 0.83125 0.01328125 0.03203125
0 0.5953125 0.83125 0.0140625 0.03203125
1 0.88359375 0.81953125 0.0203125 0.0546875
1 0.95859375 0.81640625 0.01796875 0.05859375
9 0.70078125 0.821875 0.0203125 0.05859375
5 0.7765625 0.821875 0.02265625 0.03984375
1 0.74609375 0.82421875 0.01875 0.06015625
6 0.6234375 0.82109375 0.0234375 0.0640625
2 0.47421875 0.82890625 0.01796875 0.06640625
8 0.51796875 0.82578125 0.0234375 0.06640625
2 0.55 0.82578125 0.01875 0.06640625