5 0.959375 0.8359375 0.0234375 0.0453125
0 0.8203125 0.84453125 0.01640625 0.028125
2 0.4609375 0.82734375 0.02109375 0.06640625
1 0.92890625 0.8375 0.01796875 0.06015625
4 0.88359375 0.83671875 0.01640625 0.05859375
5 0.5078125 0.83046875 0.02265625 0.0453125
2 0.6625 0.83203125 0.02265625 0.0640625
1 0.8515625 0.83671875 0.01796875 0.05859375
2 0.61640625 0.8328125 0.02265625 0.06640625
3 0.5390625 0.83046875 0.0265625 0.0640625
1 0.58359375 0.83515625 0.01796875 0.05859375
1 0.74140625 0.8375 0.0203125 0.06015625
9 0.69453125 0.83203125 0.02265625 0.0640625
5 0.7734375 0.8359375 0.02265625 0.04140625