5 0.93203125 0.8140625 0.02890625 0.0546875
1 0.965625 0.81796875 0.0234375 0.0734375
0 0.59609375 0.82578125 0.01796875 0.04375
0 0.82421875 0.82265625 0.02265625 0.04921875
3 0.8875 0.81640625 0.02734375 0.06953125
1 0.85625 0.8171875 0.0203125 0.071875
2 0.471875 0.82109375 0.02734375 0.071875
3 0.6265625 0.8171875 0.03125 0.07890625
3 0.55 0.81484375 0.02890625 0.06796875
2 0.67109375 0.8140625 0.02734375 0.08125
1 0.746875 0.8125 0.02265625 0.0734375
8 0.51640625 0.81328125 0.0296875 0.06796875
6 0.77890625 0.81484375 0.0265625 0.08671875
7 0.70234375 0.8140625 0.02890625 0.0734375