2 0.53984375 0.8515625 0.0296875 0.06953125
0 0.8265625 0.8484375 0.0203125 0.04375
2 0.45546875 0.85078125 0.03203125 0.071875
1 0.66640625 0.853125 0.0234375 0.07578125
1 0.74765625 0.8484375 0.0234375 0.07734375
1 0.58671875 0.85546875 0.0234375 0.07734375
2 0.62109375 0.85546875 0.03203125 0.07734375
1 0.9328125 0.840625 0.02265625 0.06953125
2 0.890625 0.83984375 0.02890625 0.06796875
8 0.5015625 0.8515625 0.034375 0.08125
2 0.8578125 0.840625 0.025 0.0734375
8 0.9640625 0.83671875 0.03125 0.0625
8 0.7 0.846875 0.03125 0.071875
5 0.7796875 0.84375 0.03125 0.05625