0 0.865625 0.83671875 0.01875 0.028125
0 0.83359375 0.83671875 0.01640625 0.028125
0 0.5921875 0.84375 0.015625 0.0375
4 0.94140625 0.82578125 0.01875 0.05859375
4 0.8953125 0.82890625 0.01875 0.0546875
1 0.6234375 0.83359375 0.01796875 0.071875
1 0.97109375 0.821875 0.01796875 0.05859375
5 0.78359375 0.82890625 0.025 0.04375
1 0.7515625 0.83125 0.01796875 0.0734375
2 0.67109375 0.8328125 0.0234375 0.06953125
2 0.4640625 0.83515625 0.02109375 0.06640625
7 0.5421875 0.83203125 0.025 0.07578125
7 0.70390625 0.83125 0.03125 0.06640625
7 0.509375 0.83203125 0.02890625 0.07578125