0 0.840625 0.85546875 0.01171875 0.02421875
0 0.60546875 0.8640625 0.01328125 0.03359375
1 0.97890625 0.8421875 0.0140625 0.05859375
4 0.6359375 0.85625 0.015625 0.06796875
1 0.7625 0.853125 0.015625 0.06015625
1 0.71640625 0.85390625 0.01640625 0.06640625
1 0.6859375 0.8515625 0.01640625 0.0625
3 0.5578125 0.85859375 0.025 0.06796875
2 0.47890625 0.8625 0.01875 0.071875
8 0.9484375 0.84140625 0.025 0.06015625
5 0.79453125 0.85 0.02265625 0.04375
5 0.90234375 0.84453125 0.02109375 0.04375
8 0.52578125 0.8578125 0.025 0.0734375
2 0.871875 0.8453125 0.0203125 0.05625