0 0.865625 0.82421875 0.01171875 0.02265625
0 0.8359375 0.8234375 0.01171875 0.02421875
0 0.60390625 0.82890625 0.01328125 0.028125
9 0.89609375 0.8140625 0.01875 0.0546875
1 0.75859375 0.81875 0.01640625 0.06015625
4 0.7109375 0.82109375 0.01796875 0.06015625
1 0.68046875 0.82109375 0.01796875 0.06015625
1 0.63515625 0.82265625 0.01796875 0.0640625
5 0.7890625 0.81796875 0.0203125 0.03984375
2 0.48046875 0.82421875 0.0203125 0.06796875
9 0.97421875 0.81328125 0.0203125 0.05625
8 0.94296875 0.8140625 0.0234375 0.0546875
2 0.55703125 0.8234375 0.02109375 0.0625
8 0.52578125 0.8234375 0.025 0.06953125