0 0.575 0.846875 0.0140625 0.0375
0 0.8171875 0.84453125 0.01796875 0.028125
0 0.92890625 0.840625 0.01875 0.03203125
2 0.44765625 0.83984375 0.0234375 0.071875
1 0.8484375 0.8359375 0.0203125 0.0640625
9 0.9609375 0.83125 0.02890625 0.05859375
5 0.88125 0.8328125 0.025 0.04375
5 0.7671875 0.8359375 0.025 0.04140625
8 0.49296875 0.83671875 0.0265625 0.07734375
1 0.73359375 0.8375 0.015625 0.071875
2 0.5265625 0.83984375 0.0203125 0.071875
2 0.60625 0.83984375 0.025 0.06796875
2 0.653125 0.83984375 0.025 0.07578125
7 0.6859375 0.8359375 0.02734375 0.06796875