0 0.82109375 0.8171875 0.01640625 0.03046875
1 0.88125 0.8078125 0.0203125 0.06015625
1 0.85 0.8078125 0.01875 0.0640625
4 0.9265625 0.8078125 0.01875 0.06015625
1 0.74375 0.81484375 0.01796875 0.07578125
1 0.6203125 0.81484375 0.02109375 0.0640625
5 0.6984375 0.81328125 0.025 0.0453125
1 0.66640625 0.81328125 0.015625 0.06796875
1 0.5890625 0.81875 0.01875 0.06796875
8 0.775 0.8109375 0.03125 0.0640625
6 0.95703125 0.80078125 0.0265625 0.05859375
6 0.54296875 0.81484375 0.0234375 0.0640625
7 0.5109375 0.8140625 0.0296875 0.06640625
2 0.46875 0.81875 0.02265625 0.0640625