0 0.8359375 0.859375 0.01875 0.03203125
2 0.41953125 0.8640625 0.02734375 0.053125
0 0.56640625 0.87421875 0.01875 0.03984375
4 0.5109375 0.871875 0.025 0.06796875
5 0.7828125 0.853125 0.025 0.0453125
1 0.86875 0.85078125 0.0203125 0.06796875
1 0.74609375 0.859375 0.0234375 0.06953125
5 0.4734375 0.86953125 0.03203125 0.053125
6 0.9484375 0.84140625 0.0265625 0.06015625
8 0.9828125 0.8375 0.025 0.06015625
5 0.9015625 0.84609375 0.02265625 0.04375
2 0.65625 0.8609375 0.0296875 0.06953125
2 0.60234375 0.86484375 0.02890625 0.0734375
6 0.69296875 0.85625 0.03125 0.06796875