0 0.5265625 0.8328125 0.01328125 0.0359375
0 0.8078125 0.8234375 0.01796875 0.0359375
5 0.7203125 0.81875 0.0265625 0.0453125
0 0.77265625 0.82421875 0.01640625 0.03046875
9 0.9359375 0.8109375 0.025 0.0640625
2 0.41015625 0.82890625 0.0203125 0.06640625
3 0.89921875 0.81328125 0.0296875 0.071875
6 0.84375 0.8109375 0.03125 0.0640625
1 0.6859375 0.8234375 0.01640625 0.0734375
1 0.6046875 0.8265625 0.01875 0.06796875
8 0.4515625 0.82890625 0.0234375 0.06953125
7 0.6359375 0.82109375 0.02734375 0.071875
2 0.4828125 0.828125 0.0203125 0.06796875
7 0.5578125 0.82578125 0.025 0.06953125