0 0.86875 0.8359375 0.0234375 0.0375
1 0.6015625 0.83203125 0.02265625 0.071875
0 0.8375 0.83671875 0.02265625 0.0359375
1 0.63359375 0.83125 0.02109375 0.0734375
4 0.71171875 0.828125 0.01875 0.0640625
2 0.47890625 0.8328125 0.02109375 0.06953125
2 0.55625 0.83203125 0.02734375 0.0640625
3 0.96796875 0.821875 0.03125 0.06953125
1 0.75859375 0.8265625 0.02265625 0.07578125
2 0.68125 0.82734375 0.0265625 0.0625
5 0.7921875 0.82265625 0.0296875 0.053125
3 0.93515625 0.82265625 0.02734375 0.0640625
8 0.5234375 0.83125 0.03125 0.06953125
8 0.903125 0.8234375 0.03203125 0.05859375