0 0.8265625 0.86953125 0.01640625 0.03046875
0 0.56171875 0.8671875 0.01875 0.0359375
0 0.7953125 0.87109375 0.0140625 0.028125
5 0.74609375 0.859375 0.0265625 0.046875
5 0.90859375 0.859375 0.0234375 0.04375
6 0.940625 0.8578125 0.0234375 0.06640625
3 0.59375 0.85859375 0.03203125 0.071875
1 0.715625 0.8609375 0.01640625 0.06953125
2 0.4453125 0.85625 0.03125 0.06796875
8 0.85859375 0.86015625 0.02890625 0.05625
3 0.5203125 0.85625 0.02890625 0.0640625
2 0.6390625 0.8609375 0.025 0.0734375
8 0.4859375 0.85390625 0.0296875 0.0625
7 0.66953125 0.85859375 0.0296875 0.06796875