0 0.8265625 0.8359375 0.01640625 0.03046875
0 0.92890625 0.8328125 0.015625 0.028125
0 0.5984375 0.83984375 0.0140625 0.03359375
5 0.77890625 0.828125 0.025 0.0453125
1 0.85546875 0.8265625 0.01796875 0.0640625
1 0.62890625 0.83125 0.01875 0.06640625
1 0.7484375 0.83203125 0.01796875 0.06796875
5 0.884375 0.8234375 0.02109375 0.046875
2 0.95859375 0.8234375 0.0203125 0.05859375
2 0.478125 0.83515625 0.02265625 0.0625
7 0.52109375 0.83046875 0.0296875 0.07890625
8 0.703125 0.82578125 0.025 0.06640625
1 0.67421875 0.828125 0.015625 0.0640625
7 0.55234375 0.83203125 0.0234375 0.071875