0 0.6484375 0.8421875 0.01171875 0.028125
0 0.5734375 0.84140625 0.0109375 0.03046875
2 0.528125 0.8328125 0.01796875 0.0625
0 0.803125 0.84921875 0.01328125 0.0265625
8 0.49765625 0.83203125 0.02109375 0.0640625
1 0.7265625 0.840625 0.01640625 0.05859375
5 0.68046875 0.8359375 0.0203125 0.04140625
2 0.9109375 0.84453125 0.0234375 0.06953125
1 0.83359375 0.84453125 0.015625 0.0546875
9 0.94140625 0.84140625 0.0203125 0.05625
2 0.4546875 0.83046875 0.01640625 0.0640625
5 0.75703125 0.8390625 0.02109375 0.03984375
2 0.865625 0.8453125 0.02109375 0.06015625
3 0.603125 0.83359375 0.02265625 0.05625