0 0.8109375 0.84609375 0.01328125 0.028125
1 0.95078125 0.840625 0.015625 0.0546875
0 0.8421875 0.84609375 0.01796875 0.03203125
0 0.58046875 0.840625 0.01328125 0.0359375
4 0.6875 0.8359375 0.01796875 0.06015625
5 0.76484375 0.83671875 0.02265625 0.04375
1 0.73359375 0.8359375 0.01640625 0.06796875
4 0.6109375 0.83359375 0.01875 0.06015625
2 0.459375 0.82890625 0.02109375 0.05859375
2 0.8734375 0.8390625 0.02109375 0.05859375
5 0.50390625 0.83203125 0.02109375 0.04140625
3 0.91875 0.8375 0.0234375 0.06015625
4 0.53359375 0.83203125 0.01796875 0.0640625
2 0.65625 0.83515625 0.01796875 0.0625