0 0.5765625 0.8625 0.0109375 0.03046875
0 0.86640625 0.8734375 0.0140625 0.03046875
0 0.80546875 0.871875 0.01328125 0.03046875
1 0.83515625 0.8671875 0.01796875 0.0625
7 0.94453125 0.86484375 0.025 0.0625
1 0.728125 0.8609375 0.015625 0.0625
5 0.75859375 0.8609375 0.0203125 0.03984375
5 0.6828125 0.8578125 0.0203125 0.03984375
7 0.9125 0.86484375 0.025 0.06640625
2 0.65234375 0.85546875 0.01875 0.05859375
8 0.5015625 0.85 0.02265625 0.0625
2 0.45859375 0.8515625 0.01875 0.06640625
3 0.534375 0.8515625 0.02578125 0.0625
5 0.60625 0.85546875 0.0203125 0.03984375