0 0.8171875 0.78671875 0.01796875 0.04140625
0 0.7796875 0.78984375 0.01875 0.04375
0 0.5265625 0.8171875 0.01640625 0.053125
1 0.9453125 0.76796875 0.02109375 0.07890625
3 0.90625 0.76484375 0.03203125 0.08515625
1 0.60625 0.803125 0.01640625 0.08515625
5 0.72890625 0.7890625 0.0265625 0.053125
3 0.4796875 0.8109375 0.02890625 0.07890625
2 0.6421875 0.7953125 0.025 0.07734375
1 0.69375 0.790625 0.0203125 0.07890625
8 0.4484375 0.81328125 0.0265625 0.07890625
6 0.8515625 0.76953125 0.03125 0.07890625
2 0.4046875 0.81953125 0.01875 0.08125
2 0.55859375 0.8046875 0.02265625 0.08515625