0 0.5890625 0.83984375 0.01875 0.03359375
0 0.66484375 0.83671875 0.015625 0.03203125
0 0.8203125 0.8328125 0.0140625 0.028125
1 0.85078125 0.82734375 0.015625 0.05859375
1 0.61953125 0.83203125 0.02265625 0.06796875
3 0.54296875 0.83125 0.0234375 0.0625
1 0.74140625 0.83125 0.01875 0.06953125
9 0.9265625 0.8234375 0.0265625 0.0625
6 0.95703125 0.82109375 0.0234375 0.0640625
5 0.7734375 0.82734375 0.02265625 0.046875
8 0.51015625 0.83125 0.025 0.06640625
6 0.69453125 0.8265625 0.02265625 0.06796875
2 0.46640625 0.83359375 0.0203125 0.06796875
2 0.88125 0.82421875 0.02109375 0.05625