0 0.59921875 0.86796875 0.01328125 0.0265625
0 0.834375 0.86484375 0.01640625 0.028125
0 0.67734375 0.8671875 0.01171875 0.03203125
1 0.75703125 0.86015625 0.01640625 0.0640625
5 0.7875 0.85859375 0.02265625 0.0453125
5 0.89609375 0.8546875 0.02265625 0.04140625
5 0.9703125 0.85078125 0.02109375 0.04140625
1 0.865625 0.8578125 0.01875 0.0625
5 0.52109375 0.8609375 0.02109375 0.04375
2 0.475 0.8609375 0.02109375 0.05859375
4 0.709375 0.859375 0.01640625 0.0625
4 0.55234375 0.86015625 0.01640625 0.0640625
2 0.63046875 0.859375 0.02265625 0.0625
7 0.9390625 0.85390625 0.0265625 0.0625