0 0.85859375 0.84453125 0.0140625 0.028125
0 0.82890625 0.84375 0.015625 0.03046875
0 0.60390625 0.84453125 0.01796875 0.03203125
2 0.96015625 0.83359375 0.02265625 0.06015625
9 0.8890625 0.8359375 0.02265625 0.06015625
2 0.67890625 0.83515625 0.025 0.06953125
3 0.7109375 0.8359375 0.0265625 0.06796875
5 0.784375 0.83671875 0.02109375 0.04375
8 0.5265625 0.8328125 0.02734375 0.06640625
2 0.55859375 0.83515625 0.02109375 0.0625
2 0.4828125 0.83359375 0.02265625 0.071875
9 0.93125 0.83515625 0.02109375 0.06640625
1 0.75546875 0.8421875 0.0203125 0.0625
2 0.634375 0.8359375 0.0234375 0.071875