0 0.67421875 0.83203125 0.01796875 0.0375
0 0.5984375 0.8328125 0.01796875 0.03984375
0 0.828125 0.82578125 0.015625 0.028125
1 0.75078125 0.82109375 0.0203125 0.071875
8 0.52109375 0.82265625 0.03359375 0.06796875
2 0.478125 0.82890625 0.0296875 0.08125
4 0.62890625 0.828125 0.02109375 0.0640625
9 0.9640625 0.8140625 0.01796875 0.05859375
3 0.5546875 0.8265625 0.02890625 0.0640625
6 0.8875 0.81328125 0.025 0.06015625
7 0.70546875 0.82109375 0.03203125 0.071875
5 0.78125 0.8171875 0.0234375 0.0453125
9 0.93359375 0.8171875 0.0203125 0.06015625
2 0.85859375 0.81640625 0.01875 0.05859375