0 0.6609375 0.8375 0.0140625 0.0375
0 0.5859375 0.8390625 0.01328125 0.0359375
0 0.81328125 0.84140625 0.01171875 0.0265625
1 0.7359375 0.83203125 0.015625 0.0640625
1 0.61640625 0.83046875 0.01796875 0.0640625
2 0.46640625 0.8265625 0.0203125 0.06796875
2 0.69375 0.83125 0.02265625 0.0625
7 0.50859375 0.82578125 0.02734375 0.0734375
5 0.7671875 0.83203125 0.02265625 0.04140625
7 0.53984375 0.82734375 0.025 0.0734375
9 0.8734375 0.83125 0.0203125 0.0546875
2 0.84375 0.83125 0.01875 0.05859375
2 0.91953125 0.83359375 0.0203125 0.06015625
8 0.94921875 0.8328125 0.0203125 0.0546875