0 0.8125 0.853125 0.015625 0.03046875
0 0.84375 0.853125 0.015625 0.03046875
0 0.5765625 0.8484375 0.015625 0.0359375
0 0.65546875 0.85078125 0.015625 0.03359375
1 0.9515625 0.84375 0.0140625 0.053125
1 0.6859375 0.84375 0.01796875 0.06796875
5 0.76640625 0.84375 0.02734375 0.0453125
1 0.73359375 0.84609375 0.0203125 0.06953125
2 0.4546875 0.8390625 0.02109375 0.06953125
2 0.609375 0.83984375 0.0265625 0.06796875
9 0.9203125 0.8421875 0.01875 0.06640625
2 0.87421875 0.84375 0.02265625 0.06015625
2 0.53046875 0.840625 0.0203125 0.06953125
8 0.49765625 0.8390625 0.0234375 0.07734375