0 0.65390625 0.8515625 0.01640625 0.0359375
0 0.80859375 0.85546875 0.01328125 0.03203125
0 0.6078125 0.85 0.015625 0.03203125
9 0.6859375 0.8421875 0.02109375 0.06953125
1 0.5765625 0.84453125 0.01796875 0.06640625
1 0.915625 0.84921875 0.0140625 0.0640625
4 0.86953125 0.8484375 0.015625 0.05859375
1 0.8390625 0.8484375 0.01640625 0.05859375
1 0.73125 0.846875 0.01875 0.05625
5 0.7625 0.8453125 0.02265625 0.04140625
9 0.9453125 0.8484375 0.01875 0.0625
7 0.4984375 0.8375 0.0296875 0.0640625
2 0.4546875 0.83984375 0.0234375 0.0640625
6 0.5296875 0.8375 0.0234375 0.0640625