0 0.8484375 0.853125 0.01875 0.03359375
0 0.5890625 0.85 0.0140625 0.03203125
0 0.81796875 0.853125 0.01875 0.03359375
2 0.95390625 0.84375 0.02109375 0.05625
5 0.7734375 0.84609375 0.02734375 0.04375
5 0.69765625 0.84453125 0.0234375 0.04375
4 0.9234375 0.8453125 0.0203125 0.05625
1 0.7421875 0.85 0.0203125 0.06640625
3 0.8796875 0.8484375 0.02890625 0.06953125
1 0.665625 0.84375 0.01640625 0.071875
2 0.46953125 0.84140625 0.0203125 0.0640625
6 0.61953125 0.84140625 0.02265625 0.0640625
8 0.51328125 0.8421875 0.0234375 0.06953125
2 0.5453125 0.84140625 0.01875 0.0640625