0 0.84921875 0.82578125 0.015625 0.03984375
0 0.5765625 0.81953125 0.01171875 0.03203125
0 0.81875 0.82578125 0.015625 0.0359375
4 0.96015625 0.81953125 0.0203125 0.0625
1 0.7390625 0.81484375 0.01796875 0.0640625
5 0.77109375 0.8140625 0.0234375 0.046875
4 0.6890625 0.8140625 0.01875 0.06640625
7 0.93046875 0.81953125 0.02734375 0.06953125
1 0.6578125 0.81328125 0.01796875 0.0640625
2 0.528125 0.81015625 0.0203125 0.06953125
2 0.44609375 0.809375 0.01875 0.071875
5 0.60859375 0.81015625 0.02265625 0.04375
6 0.88125 0.81484375 0.025 0.06796875
8 0.49375 0.80859375 0.025 0.0734375