0 0.68984375 0.83671875 0.01796875 0.0359375
0 0.8515625 0.83984375 0.015625 0.0265625
0 0.57890625 0.83515625 0.01875 0.04375
1 0.7390625 0.828125 0.01796875 0.071875
9 0.96328125 0.83359375 0.01875 0.05625
0 0.81875 0.83984375 0.0140625 0.0265625
2 0.4515625 0.828125 0.0265625 0.0640625
1 0.61015625 0.8265625 0.0203125 0.071875
6 0.8828125 0.83046875 0.02734375 0.05625
5 0.77109375 0.83046875 0.025 0.0453125
7 0.4953125 0.821875 0.03125 0.08125
2 0.6578125 0.83046875 0.025 0.07578125
9 0.93125 0.8359375 0.02109375 0.06015625
7 0.5296875 0.82421875 0.02890625 0.0828125