0 0.82578125 0.83359375 0.015625 0.03046875
0 0.59296875 0.82890625 0.0140625 0.03203125
1 0.96171875 0.82734375 0.01875 0.0625
1 0.67109375 0.821875 0.015625 0.0625
1 0.74765625 0.82734375 0.01875 0.06640625
4 0.6234375 0.82421875 0.01640625 0.06015625
1 0.85390625 0.8265625 0.01796875 0.06015625
8 0.93125 0.82265625 0.02890625 0.05625
2 0.46953125 0.81875 0.0203125 0.071875
5 0.778125 0.82265625 0.02265625 0.0453125
6 0.70078125 0.821875 0.0203125 0.0625
8 0.515625 0.81875 0.0234375 0.06796875
7 0.88515625 0.821875 0.0296875 0.06953125
3 0.54609375 0.81953125 0.0234375 0.06640625