0 0.84375 0.83515625 0.015625 0.02421875
0 0.68046875 0.8375 0.0203125 0.03046875
0 0.59609375 0.84140625 0.01875 0.03359375
9 0.9890625 0.8234375 0.0203125 0.0546875
5 0.6296875 0.83203125 0.02890625 0.04921875
2 0.4671875 0.8359375 0.025 0.0640625
5 0.79375 0.82890625 0.0265625 0.04375
1 0.71171875 0.82890625 0.01875 0.0625
1 0.7609375 0.83125 0.01875 0.06640625
5 0.90859375 0.82890625 0.0234375 0.0359375
3 0.54921875 0.8328125 0.0296875 0.0625
3 0.87421875 0.828125 0.025 0.06015625
7 0.95625 0.8265625 0.02734375 0.06015625
8 0.5140625 0.8328125 0.0296875 0.06640625