0 0.6484375 0.8453125 0.01328125 0.03046875
0 0.80390625 0.8484375 0.01328125 0.028125
1 0.7265625 0.83984375 0.0140625 0.0640625
1 0.57109375 0.83984375 0.015625 0.06015625
1 0.834375 0.84453125 0.01640625 0.05859375
8 0.91328125 0.83984375 0.0265625 0.0640625
7 0.67890625 0.83671875 0.025 0.06953125
5 0.75703125 0.83984375 0.02109375 0.04140625
2 0.45 0.83359375 0.01640625 0.06015625
5 0.49609375 0.8359375 0.0203125 0.0375
2 0.8671875 0.84140625 0.02265625 0.0640625
7 0.9453125 0.84140625 0.0234375 0.06796875
2 0.60234375 0.8390625 0.01875 0.0625
3 0.5265625 0.83515625 0.02109375 0.05859375