2 0.97734375 0.8140625 0.02890625 0.06953125
0 0.8546875 0.821875 0.0234375 0.03984375
0 0.82109375 0.82109375 0.0234375 0.03359375
0 0.56015625 0.8140625 0.02265625 0.046875
5 0.890625 0.81640625 0.03359375 0.046875
5 0.76875 0.81328125 0.03125 0.04921875
2 0.42734375 0.80625 0.03125 0.0625
4 0.68359375 0.81015625 0.0265625 0.06640625
4 0.94140625 0.81640625 0.0265625 0.06640625
2 0.646875 0.809375 0.03203125 0.07578125
3 0.51484375 0.80859375 0.034375 0.0734375
5 0.4765625 0.8078125 0.03359375 0.05625
1 0.73359375 0.8125 0.0265625 0.08125
8 0.596875 0.80546875 0.034375 0.0640625