0 0.84921875 0.82890625 0.015625 0.02421875
0 0.65859375 0.82890625 0.01328125 0.0359375
0 0.58125 0.83046875 0.01171875 0.03359375
5 0.6125 0.821875 0.0203125 0.04375
5 0.7703125 0.8234375 0.0234375 0.04375
0 0.81796875 0.83125 0.0140625 0.02421875
1 0.7375 0.82578125 0.01796875 0.0625
2 0.53515625 0.82265625 0.0203125 0.0640625
8 0.88125 0.81953125 0.0296875 0.05078125
6 0.68984375 0.81953125 0.025 0.0625
2 0.45859375 0.82421875 0.01875 0.0640625
6 0.96015625 0.81953125 0.025 0.05859375
8 0.92890625 0.81953125 0.02734375 0.05859375
8 0.503125 0.82265625 0.02265625 0.0640625