0 0.58671875 0.82734375 0.01171875 0.03203125
0 0.85390625 0.83203125 0.0140625 0.03046875
0 0.82265625 0.83125 0.01171875 0.028125
1 0.66484375 0.821875 0.015625 0.05859375
1 0.74453125 0.8265625 0.01796875 0.06015625
5 0.77578125 0.82265625 0.02265625 0.04140625
3 0.69765625 0.81953125 0.0265625 0.0625
5 0.61796875 0.81875 0.02109375 0.0453125
6 0.88359375 0.82265625 0.0265625 0.06015625
2 0.4625 0.81953125 0.01796875 0.06953125
3 0.96171875 0.82421875 0.02109375 0.06015625
2 0.54140625 0.81953125 0.0203125 0.0625
3 0.93125 0.8265625 0.02265625 0.06015625
8 0.5078125 0.82109375 0.025 0.06796875