0 0.840625 0.86796875 0.01640625 0.03359375
0 0.8703125 0.86953125 0.0140625 0.0375
1 0.9015625 0.8578125 0.01328125 0.0625
5 0.79609375 0.85546875 0.02265625 0.046875
2 0.64609375 0.85859375 0.02265625 0.06796875
1 0.76640625 0.859375 0.01796875 0.06640625
1 0.61640625 0.8578125 0.01796875 0.06640625
2 0.57109375 0.85546875 0.02265625 0.06640625
1 0.9609375 0.85625 0.0140625 0.05625
6 0.93125 0.85546875 0.0203125 0.05859375
7 0.7203125 0.85546875 0.0265625 0.06953125
1 0.690625 0.85859375 0.01640625 0.0640625
2 0.49453125 0.8546875 0.0203125 0.071875
8 0.5390625 0.85546875 0.025 0.0734375