0 0.88515625 0.81328125 0.0203125 0.0375
1 0.99296875 0.80859375 0.0140625 0.06953125
0 0.85390625 0.81484375 0.01875 0.03359375
0 0.640625 0.81640625 0.01875 0.04375
1 0.690625 0.8078125 0.02109375 0.07578125
5 0.9640625 0.81015625 0.02890625 0.04375
1 0.7734375 0.8078125 0.02265625 0.07890625
5 0.8046875 0.809375 0.02890625 0.04921875
4 0.915625 0.81328125 0.02109375 0.0640625
2 0.72578125 0.81015625 0.03203125 0.0734375
2 0.4765625 0.809375 0.0296875 0.07578125
1 0.60859375 0.80625 0.0265625 0.0734375
2 0.559375 0.809375 0.02890625 0.07578125
8 0.5234375 0.8078125 0.034375 0.07578125