0 0.8984375 0.82890625 0.0140625 0.03203125
1 0.978125 0.81953125 0.015625 0.05859375
0 0.83359375 0.8328125 0.015625 0.03203125
4 0.946875 0.82265625 0.01796875 0.06015625
1 0.75 0.8234375 0.01875 0.06953125
1 0.86640625 0.8265625 0.01875 0.0640625
1 0.66640625 0.82421875 0.015625 0.071875
2 0.69921875 0.8234375 0.025 0.0734375
2 0.45390625 0.82578125 0.02109375 0.0734375
1 0.61640625 0.8265625 0.01796875 0.07890625
1 0.58203125 0.82734375 0.02109375 0.08125
5 0.7828125 0.82421875 0.025 0.0453125
7 0.49921875 0.82421875 0.03203125 0.071875
6 0.5328125 0.82265625 0.025 0.07890625