0 0.8125 0.83359375 0.01328125 0.0265625
4 0.87265625 0.828125 0.01640625 0.06015625
1 0.8421875 0.828125 0.01796875 0.05625
1 0.6140625 0.8234375 0.01796875 0.0546875
1 0.58203125 0.82578125 0.01875 0.0625
1 0.953125 0.82734375 0.015625 0.0546875
1 0.6578125 0.82421875 0.015625 0.05625
5 0.765625 0.8265625 0.0234375 0.0375
1 0.73359375 0.82734375 0.015625 0.06640625
9 0.92109375 0.82578125 0.0203125 0.0625
6 0.5359375 0.82109375 0.02265625 0.06015625
7 0.50625 0.82265625 0.02890625 0.0640625
2 0.46171875 0.82421875 0.0234375 0.06796875
7 0.6875 0.821875 0.02734375 0.06640625