0 0.8078125 0.83515625 0.01796875 0.03203125
0 0.58125 0.83359375 0.0140625 0.03359375
1 0.8390625 0.83125 0.01796875 0.06640625
1 0.94375 0.82734375 0.01875 0.05859375
4 0.9125 0.82890625 0.01796875 0.05859375
1 0.68671875 0.83046875 0.01640625 0.06796875
1 0.73125 0.82890625 0.01796875 0.0625
1 0.61015625 0.8265625 0.015625 0.06796875
5 0.76171875 0.82734375 0.0234375 0.04375
8 0.50546875 0.8265625 0.02734375 0.0640625
2 0.4609375 0.8265625 0.0203125 0.06796875
2 0.5375 0.82734375 0.0203125 0.0625
3 0.86875 0.828125 0.0265625 0.0640625
2 0.65625 0.82890625 0.0234375 0.06640625