0 0.83203125 0.8359375 0.01640625 0.0265625
0 0.5890625 0.84375 0.01796875 0.03359375
0 0.66953125 0.840625 0.01796875 0.03203125
4 0.978125 0.8265625 0.01796875 0.05625
1 0.8640625 0.828125 0.015625 0.05625
1 0.74921875 0.83203125 0.0203125 0.0640625
9 0.7015625 0.83046875 0.0234375 0.06015625
2 0.459375 0.83984375 0.02890625 0.0640625
3 0.54296875 0.8359375 0.03125 0.06015625
8 0.94375 0.82421875 0.03125 0.04921875
5 0.78125 0.82890625 0.025 0.04375
6 0.89453125 0.8234375 0.025 0.0625
8 0.50625 0.8359375 0.034375 0.06015625
3 0.6203125 0.8328125 0.03125 0.05859375