1 0.83671875 0.86875 0.0140625 0.06953125
1 0.7234375 0.86484375 0.0140625 0.08515625
5 0.7953125 0.86875 0.02109375 0.05078125
0 0.62265625 0.8640625 0.01640625 0.0375
6 0.86328125 0.87265625 0.01875 0.06953125
1 0.76640625 0.8671875 0.01640625 0.08515625
2 0.50234375 0.84921875 0.02109375 0.07578125
1 0.92890625 0.8765625 0.0140625 0.06953125
0 0.69453125 0.87109375 0.015625 0.046875
1 0.6515625 0.8578125 0.01796875 0.07734375
2 0.57890625 0.853125 0.0234375 0.0640625
3 0.95625 0.8734375 0.0234375 0.06796875
8 0.546875 0.85390625 0.02734375 0.06953125
9 0.88984375 0.87265625 0.01796875 0.06953125