0 0.59609375 0.8359375 0.015625 0.0375
0 0.8265625 0.83046875 0.01640625 0.03359375
1 0.70390625 0.828125 0.02109375 0.071875
2 0.6734375 0.8265625 0.02734375 0.06796875
1 0.7484375 0.8265625 0.0203125 0.06796875
4 0.93203125 0.821875 0.02109375 0.05859375
3 0.62578125 0.828125 0.025 0.06796875
2 0.88828125 0.821875 0.0265625 0.06640625
3 0.9625 0.81953125 0.025 0.0625
2 0.4734375 0.83125 0.01796875 0.0734375
8 0.51796875 0.828125 0.0234375 0.071875
5 0.7796875 0.82421875 0.0234375 0.04140625
2 0.55 0.82890625 0.01875 0.06953125
2 0.85625 0.8234375 0.0234375 0.06640625