0 0.78984375 0.91328125 0.015625 0.03359375
0 0.55625 0.9125 0.015625 0.0359375
0 0.63359375 0.9140625 0.01640625 0.03984375
9 0.5859375 0.9015625 0.01796875 0.08671875
1 0.925 0.896875 0.01640625 0.06640625
1 0.66484375 0.90546875 0.015625 0.071875
1 0.7109375 0.90625 0.01796875 0.0734375
5 0.7421875 0.90625 0.02265625 0.046875
2 0.51015625 0.9046875 0.0203125 0.0734375
2 0.43125 0.9046875 0.0203125 0.07734375
9 0.89375 0.89921875 0.02109375 0.06640625
8 0.4765625 0.90625 0.025 0.08125
2 0.81875 0.903125 0.0234375 0.0734375
8 0.85 0.9 0.0265625 0.0640625