0 0.8765625 0.846875 0.015625 0.03046875
0 0.81640625 0.846875 0.0140625 0.0265625
0 0.5859375 0.84140625 0.0109375 0.03046875
1 0.846875 0.8421875 0.0203125 0.0625
5 0.76875 0.8375 0.0234375 0.04140625
1 0.73828125 0.8390625 0.0140625 0.06953125
0 0.69296875 0.84375 0.01171875 0.03359375
2 0.953125 0.84140625 0.0203125 0.06015625
8 0.921875 0.83671875 0.02734375 0.0625
2 0.465625 0.83125 0.01875 0.06953125
8 0.509375 0.83046875 0.0234375 0.071875
7 0.61640625 0.83359375 0.0234375 0.071875
2 0.6625 0.83515625 0.01796875 0.06953125
2 0.540625 0.83046875 0.01875 0.06796875