0 0.8140625 0.81875 0.015625 0.03046875
0 0.58125 0.82109375 0.0140625 0.03046875
1 0.84296875 0.8109375 0.01875 0.06796875
5 0.76640625 0.8109375 0.025 0.04140625
1 0.734375 0.81640625 0.01875 0.06640625
1 0.65703125 0.8125 0.01640625 0.05859375
1 0.61171875 0.8125 0.01875 0.0625
2 0.45859375 0.81640625 0.02109375 0.06953125
6 0.921875 0.80859375 0.025 0.0625
1 0.9546875 0.809375 0.01875 0.06015625
3 0.68828125 0.8109375 0.0265625 0.0640625
3 0.534375 0.8125 0.0234375 0.0625
8 0.503125 0.8125 0.025 0.06640625
7 0.87578125 0.809375 0.0296875 0.071875