0 0.85234375 0.8375 0.01171875 0.02265625
0 0.821875 0.8390625 0.01328125 0.02421875
0 0.590625 0.84375 0.0140625 0.03046875
5 0.77578125 0.83359375 0.025 0.0453125
9 0.95859375 0.82421875 0.02265625 0.05625
1 0.74453125 0.83515625 0.01796875 0.06640625
5 0.8828125 0.82890625 0.02265625 0.03984375
3 0.54375 0.83515625 0.0234375 0.0625
1 0.62265625 0.8375 0.01875 0.0640625
2 0.46875 0.83984375 0.02265625 0.071875
1 0.66640625 0.83203125 0.0140625 0.0640625
8 0.69765625 0.82890625 0.0265625 0.06640625
8 0.5125 0.83515625 0.025 0.06953125
7 0.928125 0.828125 0.02734375 0.0640625