1 0.9546875 0.8359375 0.02890625 0.0828125
0 0.8234375 0.85 0.02109375 0.0359375
0 0.7890625 0.853125 0.01796875 0.03359375
1 0.628125 0.853125 0.015625 0.06796875
1 0.65859375 0.85390625 0.01796875 0.06953125
0 0.5828125 0.8609375 0.015625 0.0359375
1 0.55390625 0.8546875 0.01875 0.0640625
2 0.515625 0.85625 0.02109375 0.06015625
1 0.70703125 0.85078125 0.02109375 0.06796875
5 0.74140625 0.8453125 0.02734375 0.04921875
1 0.915625 0.8359375 0.02890625 0.07578125
2 0.45 0.8640625 0.01875 0.0640625
8 0.4875 0.86015625 0.025 0.0640625
7 0.86015625 0.8390625 0.03671875 0.06953125