0 0.82421875 0.83359375 0.015625 0.0265625
0 0.85390625 0.83203125 0.015625 0.0265625
0 0.67109375 0.83984375 0.01796875 0.03359375
2 0.55078125 0.8359375 0.02734375 0.06796875
1 0.7015625 0.83046875 0.01796875 0.06796875
1 0.7484375 0.83125 0.0203125 0.06953125
5 0.77890625 0.828125 0.0234375 0.0453125
1 0.5953125 0.83515625 0.02109375 0.06953125
2 0.959375 0.81875 0.02109375 0.05625
2 0.47265625 0.83671875 0.0234375 0.06953125
6 0.92890625 0.821875 0.0234375 0.06640625
8 0.51640625 0.83203125 0.03125 0.06796875
2 0.62734375 0.83359375 0.03125 0.06796875
9 0.88515625 0.82421875 0.025 0.06015625