0 0.5921875 0.83359375 0.0109375 0.02265625
0 0.8234375 0.82890625 0.01171875 0.02421875
0 0.66875 0.83203125 0.01328125 0.0265625
4 0.9625 0.81953125 0.01796875 0.05859375
1 0.74609375 0.8265625 0.01640625 0.05625
4 0.88515625 0.82265625 0.01796875 0.05625
5 0.7 0.82265625 0.02109375 0.0375
8 0.515625 0.82734375 0.0234375 0.0625
3 0.546875 0.82421875 0.02265625 0.06015625
3 0.62265625 0.8234375 0.0265625 0.05859375
2 0.47109375 0.82890625 0.0203125 0.0625
5 0.7765625 0.82265625 0.0203125 0.0375
2 0.85390625 0.82109375 0.0203125 0.05625
2 0.93125 0.82109375 0.02265625 0.06015625