0 0.65625 0.8421875 0.015625 0.028125
0 0.8109375 0.84921875 0.01640625 0.03046875
1 0.61328125 0.83515625 0.01875 0.0625
1 0.58125 0.83359375 0.0203125 0.06015625
8 0.6875 0.83359375 0.02734375 0.05625
1 0.73359375 0.840625 0.01796875 0.06953125
5 0.7640625 0.8390625 0.0234375 0.04375
1 0.84140625 0.8421875 0.015625 0.06640625
3 0.9484375 0.8453125 0.0234375 0.0640625
8 0.9171875 0.84140625 0.02734375 0.0640625
7 0.5046875 0.828125 0.02890625 0.0640625
6 0.5359375 0.828125 0.0234375 0.0640625
2 0.4609375 0.82890625 0.0234375 0.06953125
8 0.87109375 0.83984375 0.0265625 0.0640625