0 0.82578125 0.83359375 0.01328125 0.03046875
0 0.85546875 0.8328125 0.015625 0.028125
0 0.59609375 0.84453125 0.01640625 0.04375
1 0.74921875 0.8328125 0.01796875 0.06640625
1 0.67265625 0.83359375 0.01875 0.06796875
1 0.70390625 0.83515625 0.01796875 0.06953125
5 0.7796875 0.828125 0.0234375 0.0453125
3 0.9609375 0.81796875 0.02734375 0.0625
2 0.475 0.84140625 0.0265625 0.071875
7 0.5515625 0.83046875 0.02890625 0.08671875
9 0.93125 0.82109375 0.0234375 0.05625
7 0.51796875 0.83046875 0.02890625 0.0828125
2 0.628125 0.83515625 0.025 0.0625
7 0.8859375 0.8234375 0.0296875 0.06640625