0 0.7015625 0.85 0.01328125 0.03203125
0 0.8234375 0.84609375 0.01171875 0.028125
0 0.59453125 0.8546875 0.01328125 0.03046875
8 0.95703125 0.83046875 0.0265625 0.053125
4 0.8828125 0.8359375 0.015625 0.05625
1 0.74765625 0.84375 0.0140625 0.06796875
5 0.51875 0.846875 0.02265625 0.04140625
1 0.853125 0.8390625 0.01796875 0.0546875
3 0.9265625 0.83203125 0.0234375 0.05625
5 0.77734375 0.83984375 0.02109375 0.04140625
3 0.55 0.84609375 0.0265625 0.0625
2 0.4734375 0.85 0.01796875 0.05859375
6 0.62421875 0.84453125 0.02265625 0.06640625
2 0.6703125 0.84453125 0.02109375 0.06640625