0 0.6890625 0.8328125 0.015625 0.0359375
0 0.815625 0.8328125 0.0140625 0.028125
0 0.58046875 0.83203125 0.01796875 0.03359375
1 0.73515625 0.82421875 0.01796875 0.071875
5 0.9546875 0.82578125 0.0234375 0.04375
3 0.92265625 0.8265625 0.0265625 0.0640625
2 0.878125 0.82421875 0.02265625 0.05625
2 0.4578125 0.82421875 0.0203125 0.06796875
5 0.7671875 0.8234375 0.02265625 0.04375
3 0.5359375 0.8234375 0.0265625 0.0625
8 0.503125 0.82109375 0.02734375 0.0640625
2 0.65703125 0.82421875 0.01875 0.06796875
2 0.8453125 0.8265625 0.02109375 0.0640625
2 0.61171875 0.8265625 0.0234375 0.071875