0 0.8984375 0.82890625 0.01328125 0.028125
0 0.83515625 0.83125 0.01796875 0.0359375
0 0.6046875 0.83984375 0.01640625 0.0375
2 0.48203125 0.828125 0.02890625 0.071875
1 0.86875 0.821875 0.01796875 0.06640625
3 0.5609375 0.83203125 0.02734375 0.07578125
2 0.63828125 0.83203125 0.0265625 0.07578125
2 0.959375 0.8171875 0.02109375 0.0640625
4 0.71328125 0.82421875 0.01875 0.0640625
1 0.68359375 0.8265625 0.02109375 0.0640625
1 0.759375 0.821875 0.02109375 0.06953125
5 0.79140625 0.81796875 0.0265625 0.0546875
7 0.928125 0.81796875 0.025 0.06640625
8 0.52734375 0.8265625 0.03359375 0.071875