0 0.84375 0.83984375 0.01640625 0.0265625
1 0.96953125 0.83203125 0.0203125 0.05625
0 0.8765625 0.840625 0.01875 0.028125
5 0.8 0.8265625 0.0265625 0.04140625
0 0.64375 0.8375 0.01328125 0.04140625
1 0.6921875 0.82578125 0.015625 0.06953125
1 0.6140625 0.828125 0.01875 0.071875
3 0.9390625 0.83046875 0.0234375 0.06015625
1 0.76875 0.828125 0.0203125 0.0640625
2 0.49140625 0.82734375 0.02109375 0.08125
2 0.56875 0.82578125 0.0234375 0.06953125
8 0.90703125 0.83046875 0.02890625 0.05625
8 0.5359375 0.8234375 0.02734375 0.0734375
9 0.721875 0.82265625 0.0203125 0.071875