0 0.84453125 0.78046875 0.0109375 0.02109375
0 0.59140625 0.7921875 0.0109375 0.03046875
4 0.8734375 0.77421875 0.0140625 0.0546875
0 0.81640625 0.78203125 0.01171875 0.02109375
1 0.74140625 0.78046875 0.01640625 0.0546875
5 0.9453125 0.76796875 0.01875 0.04140625
1 0.9171875 0.771875 0.01328125 0.05625
5 0.77109375 0.7765625 0.02109375 0.03984375
3 0.6984375 0.77734375 0.025 0.06015625
1 0.66640625 0.78203125 0.0140625 0.05859375
2 0.46875 0.78984375 0.01875 0.06953125
2 0.54609375 0.78671875 0.0203125 0.0640625
8 0.51328125 0.7875 0.0234375 0.06953125
7 0.62109375 0.78203125 0.02265625 0.0625