0 0.6890625 0.84140625 0.01328125 0.03046875
0 0.8109375 0.84375 0.0140625 0.03046875
0 0.5828125 0.8359375 0.0109375 0.03046875
1 0.65859375 0.8328125 0.01796875 0.0625
1 0.84140625 0.83671875 0.015625 0.06953125
1 0.73359375 0.83359375 0.015625 0.06796875
5 0.76640625 0.8328125 0.02265625 0.04375
5 0.946875 0.83671875 0.0203125 0.03984375
3 0.6140625 0.83046875 0.025 0.06015625
2 0.53828125 0.8265625 0.01875 0.0640625
2 0.46328125 0.82265625 0.01875 0.0640625
8 0.9171875 0.83671875 0.025 0.05859375
8 0.50625 0.8234375 0.025 0.06640625
9 0.87109375 0.8359375 0.0203125 0.06796875