0 0.66484375 0.83125 0.015625 0.0359375
0 0.6171875 0.82890625 0.01796875 0.0359375
0 0.81796875 0.83671875 0.01875 0.0359375
1 0.69609375 0.82421875 0.01796875 0.06796875
1 0.95390625 0.83125 0.02265625 0.06953125
1 0.74140625 0.82734375 0.01875 0.06640625
1 0.5875 0.82109375 0.0203125 0.071875
5 0.77109375 0.82578125 0.0265625 0.046875
2 0.46640625 0.82109375 0.0234375 0.07578125
8 0.51015625 0.81953125 0.02734375 0.06640625
2 0.54296875 0.81953125 0.0265625 0.06953125
7 0.92265625 0.8265625 0.03125 0.06796875
2 0.8796875 0.82734375 0.0234375 0.06640625
7 0.84765625 0.828125 0.0265625 0.06796875