0 0.8890625 0.87890625 0.01171875 0.03046875
0 0.8359375 0.87734375 0.01328125 0.03046875
0 0.721875 0.871875 0.01328125 0.0375
0 0.64921875 0.8671875 0.015625 0.0359375
1 0.61953125 0.8578125 0.015625 0.06640625
2 0.57578125 0.8546875 0.0203125 0.06796875
2 0.4984375 0.8484375 0.02109375 0.0734375
1 0.765625 0.86484375 0.0140625 0.0734375
5 0.79375 0.86484375 0.0203125 0.046875
4 0.92890625 0.86875 0.01328125 0.0625
8 0.54296875 0.85 0.02890625 0.07734375
2 0.8640625 0.8671875 0.0203125 0.06640625
2 0.69296875 0.859375 0.01875 0.07734375
7 0.95390625 0.86875 0.01796875 0.05859375