0 0.60859375 0.840625 0.01796875 0.03984375
0 0.8421875 0.8421875 0.01796875 0.03203125
0 0.8109375 0.840625 0.01796875 0.03203125
1 0.578125 0.8328125 0.0203125 0.06953125
1 0.6890625 0.8359375 0.02734375 0.06015625
3 0.65625 0.8328125 0.02890625 0.0546875
5 0.91875 0.8359375 0.02734375 0.0453125
1 0.734375 0.8375 0.02109375 0.06015625
6 0.9515625 0.83203125 0.03203125 0.05625
7 0.50078125 0.83046875 0.03203125 0.06796875
2 0.45859375 0.83046875 0.025 0.06796875
6 0.8734375 0.8328125 0.0296875 0.05859375
5 0.76640625 0.83359375 0.02890625 0.0453125
6 0.5328125 0.83046875 0.025 0.071875