0 0.828125 0.840625 0.01796875 0.028125
1 0.7484375 0.8390625 0.01875 0.0625
0 0.596875 0.84921875 0.01796875 0.03046875
1 0.8890625 0.83203125 0.01796875 0.0640625
1 0.8578125 0.83359375 0.0203125 0.06015625
8 0.93359375 0.8265625 0.02734375 0.06015625
2 0.67265625 0.8375 0.0265625 0.0640625
3 0.96484375 0.828125 0.025 0.0640625
5 0.78125 0.8328125 0.0234375 0.04375
3 0.703125 0.83359375 0.02890625 0.0625
3 0.6265625 0.8390625 0.0296875 0.06640625
2 0.47265625 0.84375 0.02890625 0.0640625
8 0.51796875 0.84140625 0.02890625 0.0640625
3 0.55 0.83515625 0.0296875 0.0625