0 0.834375 0.8359375 0.01171875 0.0265625
0 0.559375 0.8265625 0.0140625 0.03046875
0 0.803125 0.83515625 0.01328125 0.028125
4 0.6734375 0.8234375 0.01796875 0.0625
1 0.59140625 0.82265625 0.01640625 0.06796875
1 0.64140625 0.82265625 0.01796875 0.0640625
1 0.721875 0.82578125 0.01796875 0.06640625
3 0.5109375 0.81640625 0.025 0.06640625
5 0.7546875 0.82578125 0.0234375 0.03984375
5 0.9484375 0.828125 0.02265625 0.04140625
2 0.43125 0.81484375 0.02109375 0.06796875
5 0.86796875 0.82734375 0.02109375 0.03984375
2 0.915625 0.82734375 0.02109375 0.05859375
8 0.4765625 0.81328125 0.025 0.06796875