0 0.65078125 0.82890625 0.015625 0.028125
0 0.8046875 0.83359375 0.01640625 0.03359375
0 0.8359375 0.83515625 0.015625 0.0359375
4 0.9140625 0.83046875 0.01796875 0.06015625
0 0.5734375 0.82890625 0.01640625 0.03203125
1 0.94609375 0.82890625 0.0140625 0.0625
2 0.86796875 0.82890625 0.02109375 0.06640625
5 0.759375 0.82109375 0.0234375 0.053125
1 0.72890625 0.8265625 0.0203125 0.06796875
2 0.453125 0.82109375 0.0203125 0.0640625
3 0.68125 0.82265625 0.0265625 0.0640625
3 0.5296875 0.81875 0.0265625 0.0640625
2 0.6046875 0.82265625 0.0234375 0.06796875
8 0.49765625 0.81640625 0.0265625 0.0625