0 0.5875 0.83359375 0.01328125 0.03359375
4 0.93125 0.82109375 0.01640625 0.06015625
0 0.82265625 0.828125 0.01171875 0.0265625
4 0.88359375 0.81953125 0.01328125 0.0625
1 0.96171875 0.81875 0.0140625 0.06015625
1 0.8515625 0.821875 0.015625 0.05859375
5 0.77421875 0.82265625 0.02265625 0.0375
1 0.74296875 0.82578125 0.0140625 0.06640625
3 0.54140625 0.82265625 0.0234375 0.0640625
4 0.61953125 0.82421875 0.015625 0.0640625
8 0.51015625 0.8234375 0.025 0.06953125
2 0.465625 0.82578125 0.01875 0.06953125
2 0.665625 0.8265625 0.02109375 0.071875
7 0.69609375 0.82265625 0.0265625 0.0640625