0 0.59375 0.85078125 0.009375 0.0265625
0 0.81171875 0.8375 0.01171875 0.03046875
8 0.9359375 0.81953125 0.01875 0.0546875
1 0.66640625 0.840625 0.01328125 0.05859375
1 0.83828125 0.82890625 0.01171875 0.0625
5 0.51953125 0.8484375 0.01796875 0.03984375
1 0.73828125 0.8375 0.01171875 0.06015625
5 0.76875 0.8328125 0.0203125 0.04375
4 0.86640625 0.82734375 0.01328125 0.0625
4 0.5484375 0.84609375 0.0140625 0.05859375
5 0.62265625 0.8421875 0.01640625 0.03984375
2 0.6953125 0.8390625 0.01875 0.05859375
7 0.9078125 0.82265625 0.0203125 0.0640625
2 0.47578125 0.85078125 0.01796875 0.06015625