0 0.9359375 0.87265625 0.0140625 0.0359375
0 0.83359375 0.8765625 0.01796875 0.03203125
0 0.709375 0.88125 0.0140625 0.0375
0 0.60234375 0.88359375 0.01640625 0.0359375
1 0.75625 0.87265625 0.01796875 0.06953125
2 0.47734375 0.87734375 0.02109375 0.071875
8 0.96640625 0.8625 0.0296875 0.06015625
5 0.7859375 0.86875 0.025 0.05078125
2 0.67890625 0.87421875 0.01875 0.06640625
3 0.55625 0.87421875 0.0265625 0.06640625
2 0.8625 0.86796875 0.02265625 0.071875
2 0.6328125 0.8765625 0.02265625 0.06953125
3 0.89375 0.86875 0.02890625 0.0625
8 0.52421875 0.87265625 0.025 0.06640625