0 0.5734375 0.84375 0.01171875 0.03359375
0 0.8828125 0.85078125 0.015625 0.03046875
0 0.81875 0.85 0.01640625 0.028125
5 0.49296875 0.83203125 0.0234375 0.04140625
1 0.8515625 0.84609375 0.01875 0.06640625
2 0.44609375 0.83046875 0.0203125 0.05625
1 0.6875 0.840625 0.01796875 0.0625
5 0.76875 0.83984375 0.0234375 0.04140625
2 0.96484375 0.846875 0.0203125 0.0640625
4 0.5265625 0.83515625 0.01875 0.06640625
1 0.7359375 0.840625 0.01640625 0.0625
8 0.93203125 0.84375 0.02890625 0.06015625
2 0.65390625 0.8390625 0.02265625 0.0625
6 0.60546875 0.83359375 0.025 0.06015625