0 0.61328125 0.8578125 0.0140625 0.03203125
0 0.8765625 0.853125 0.01796875 0.0375
0 0.84609375 0.8515625 0.015625 0.03984375
1 0.96953125 0.8375 0.0203125 0.0640625
1 0.76875 0.84453125 0.01640625 0.06640625
1 0.69140625 0.846875 0.01796875 0.06015625
5 0.53515625 0.846875 0.025 0.04140625
2 0.94140625 0.8359375 0.025 0.06796875
5 0.8015625 0.84140625 0.0265625 0.04921875
2 0.72265625 0.84609375 0.02109375 0.0625
3 0.56953125 0.8453125 0.02734375 0.06015625
2 0.909375 0.84140625 0.02109375 0.06796875
5 0.64609375 0.846875 0.02265625 0.04921875
2 0.4890625 0.85078125 0.01796875 0.06015625