0 0.825 0.84140625 0.0140625 0.03046875
0 0.6015625 0.85546875 0.0140625 0.028125
0 0.67734375 0.8515625 0.01171875 0.02421875
0 0.85546875 0.840625 0.01796875 0.028125
1 0.88359375 0.82890625 0.01875 0.0546875
1 0.7515625 0.84140625 0.01640625 0.06015625
2 0.4796875 0.85390625 0.01875 0.06640625
5 0.78125 0.83671875 0.02109375 0.03984375
4 0.95625 0.8265625 0.0140625 0.053125
3 0.70625 0.840625 0.025 0.0546875
3 0.92734375 0.8265625 0.02109375 0.05625
3 0.55625 0.846875 0.0234375 0.0640625
8 0.52578125 0.8484375 0.02265625 0.0625
5 0.63125 0.8453125 0.02109375 0.0375