0 0.5734375 0.8375 0.01328125 0.03359375
0 0.82109375 0.846875 0.01640625 0.03359375
0 0.65546875 0.84140625 0.015625 0.03359375
1 0.8546875 0.83984375 0.01640625 0.0640625
1 0.7375 0.8375 0.015625 0.06796875
5 0.77109375 0.8359375 0.0265625 0.0453125
1 0.88828125 0.8421875 0.01875 0.0625
6 0.60546875 0.83125 0.025 0.05859375
1 0.9375 0.840625 0.015625 0.06640625
2 0.44453125 0.828125 0.0203125 0.06796875
2 0.6890625 0.83671875 0.02109375 0.06953125
8 0.490625 0.82890625 0.0265625 0.06953125
2 0.525 0.83203125 0.02109375 0.06796875
8 0.96953125 0.83984375 0.02734375 0.06796875