0 0.82109375 0.8359375 0.0140625 0.0265625
0 0.59140625 0.83984375 0.015625 0.0375
0 0.66796875 0.8375 0.01875 0.03046875
4 0.88125 0.82890625 0.0140625 0.0546875
3 0.54609375 0.8328125 0.0265625 0.06640625
2 0.8515625 0.82734375 0.01875 0.0546875
4 0.92734375 0.8265625 0.0140625 0.05625
1 0.7 0.83046875 0.01640625 0.06015625
1 0.7453125 0.8328125 0.01640625 0.0625
5 0.77421875 0.82890625 0.02265625 0.04375
2 0.4703125 0.83515625 0.01875 0.06953125
6 0.62109375 0.83125 0.02890625 0.06640625
8 0.51484375 0.83359375 0.025 0.071875
7 0.95625 0.82578125 0.02265625 0.05859375