0 0.878125 0.77890625 0.01328125 0.02265625
1 0.98984375 0.7625 0.015625 0.05625
2 0.56875 0.79609375 0.0203125 0.05625
0 0.61640625 0.79921875 0.0109375 0.02421875
8 0.72421875 0.7859375 0.02734375 0.0546875
8 0.53671875 0.8 0.0234375 0.0640625
5 0.8 0.77890625 0.02109375 0.03359375
0 0.84765625 0.78125 0.0140625 0.02265625
5 0.9109375 0.7671875 0.02109375 0.0359375
1 0.76953125 0.78359375 0.01796875 0.0546875
1 0.6921875 0.790625 0.01796875 0.05625
5 0.64609375 0.78984375 0.02109375 0.0359375
6 0.9578125 0.76328125 0.025 0.0546875
2 0.49140625 0.803125 0.01796875 0.0625