0 0.82421875 0.84609375 0.01328125 0.02421875
0 0.61171875 0.84140625 0.01640625 0.03359375
0 0.66015625 0.8421875 0.015625 0.03203125
5 0.77421875 0.83984375 0.02265625 0.0375
0 0.8578125 0.846875 0.015625 0.0265625
1 0.7421875 0.8375 0.015625 0.06015625
4 0.69296875 0.8375 0.01640625 0.06015625
1 0.58046875 0.83515625 0.01796875 0.0625
2 0.45390625 0.83125 0.01875 0.0625
2 0.53203125 0.8328125 0.02109375 0.0625
5 0.9734375 0.84140625 0.02265625 0.04140625
2 0.94140625 0.84140625 0.0203125 0.05625
8 0.49921875 0.83203125 0.025 0.06796875
4 0.890625 0.84375 0.01640625 0.05625