0 0.690625 0.84453125 0.0140625 0.028125
0 0.8140625 0.840625 0.01328125 0.028125
0 0.58359375 0.8453125 0.01328125 0.03046875
1 0.8453125 0.8328125 0.0140625 0.05859375
1 0.7359375 0.83671875 0.015625 0.06640625
5 0.5078125 0.8375 0.02265625 0.04140625
1 0.8765625 0.83359375 0.01640625 0.06015625
9 0.61328125 0.83671875 0.01875 0.05859375
1 0.92109375 0.8328125 0.015625 0.0625
2 0.46328125 0.84140625 0.02109375 0.05625
3 0.66015625 0.8359375 0.025 0.05625
5 0.76796875 0.83515625 0.02109375 0.04375
3 0.5390625 0.83671875 0.0265625 0.05859375
6 0.95 0.82890625 0.02109375 0.0625