0 0.8484375 0.86015625 0.01328125 0.0265625
0 0.58359375 0.85078125 0.01328125 0.03046875
1 0.69296875 0.85 0.01875 0.05859375
5 0.76953125 0.85 0.02265625 0.04375
1 0.7390625 0.85390625 0.01640625 0.0625
0 0.81640625 0.85859375 0.01171875 0.0265625
3 0.6609375 0.8453125 0.0265625 0.05625
8 0.95390625 0.8515625 0.0265625 0.06640625
2 0.4625 0.840625 0.0203125 0.06640625
5 0.921875 0.8515625 0.02265625 0.046875
2 0.5390625 0.8421875 0.02109375 0.06640625
8 0.50625 0.8421875 0.025 0.06953125
2 0.87890625 0.8515625 0.01875 0.05859375
8 0.61484375 0.84140625 0.02734375 0.05625