0 0.6015625 0.84453125 0.01875 0.04375
0 0.678125 0.84921875 0.0203125 0.04140625
3 0.95546875 0.84140625 0.025 0.0640625
1 0.70859375 0.840625 0.0203125 0.07734375
2 0.48203125 0.83671875 0.03125 0.08125
0 0.83046875 0.85 0.01796875 0.0359375
3 0.63359375 0.83671875 0.02890625 0.0734375
3 0.92421875 0.8421875 0.02265625 0.0625
1 0.7546875 0.8390625 0.02109375 0.0734375
3 0.89375 0.840625 0.02265625 0.05859375
7 0.52421875 0.83203125 0.0296875 0.08671875
3 0.86171875 0.8390625 0.02890625 0.06953125
7 0.55859375 0.83203125 0.02890625 0.090625
5 0.7859375 0.83671875 0.02734375 0.0546875