0 0.83828125 0.846875 0.01171875 0.0265625
0 0.5796875 0.8421875 0.009375 0.03203125
0 0.80859375 0.846875 0.01328125 0.0265625
5 0.8703125 0.8421875 0.0234375 0.03984375
5 0.76328125 0.840625 0.02109375 0.03984375
1 0.91484375 0.84609375 0.01796875 0.0625
5 0.94609375 0.84453125 0.02265625 0.03984375
1 0.65546875 0.83984375 0.01328125 0.06015625
1 0.7328125 0.84375 0.01796875 0.05625
5 0.50390625 0.83359375 0.01875 0.0375
2 0.45859375 0.8328125 0.01796875 0.05859375
4 0.53359375 0.83671875 0.01328125 0.06640625
3 0.61015625 0.8359375 0.025 0.06015625
3 0.68671875 0.83671875 0.0265625 0.05859375