0 0.853125 0.84140625 0.0109375 0.0265625
0 0.67109375 0.8484375 0.01328125 0.03203125
0 0.82265625 0.840625 0.01171875 0.028125
0 0.59375 0.8515625 0.0109375 0.028125
5 0.7765625 0.83671875 0.0203125 0.03984375
5 0.9578125 0.82734375 0.02265625 0.04375
5 0.51640625 0.84609375 0.0203125 0.03984375
6 0.7 0.8390625 0.0234375 0.05859375
2 0.92890625 0.82890625 0.02109375 0.05859375
1 0.746875 0.8421875 0.01796875 0.05859375
2 0.4703125 0.846875 0.01875 0.05625
6 0.62265625 0.840625 0.0234375 0.05859375
4 0.546875 0.84453125 0.01328125 0.05859375
3 0.88359375 0.83046875 0.0234375 0.05625