0 0.82578125 0.8265625 0.015625 0.03046875
0 0.59765625 0.83359375 0.01171875 0.0375
1 0.85625 0.81796875 0.01640625 0.0625
2 0.671875 0.821875 0.02265625 0.0625
5 0.8859375 0.8171875 0.02109375 0.04140625
6 0.7015625 0.82109375 0.0234375 0.0640625
2 0.4765625 0.83203125 0.02265625 0.0640625
1 0.7484375 0.82421875 0.0203125 0.06796875
9 0.9609375 0.8109375 0.01875 0.06015625
7 0.5203125 0.82578125 0.0265625 0.0734375
6 0.9296875 0.8140625 0.0234375 0.0625
5 0.78046875 0.81953125 0.02265625 0.04375
7 0.5515625 0.8265625 0.025 0.071875
2 0.628125 0.8265625 0.0203125 0.0640625