0 0.59140625 0.82890625 0.01328125 0.028125
0 0.83515625 0.82421875 0.01328125 0.0265625
5 0.98203125 0.81484375 0.02109375 0.0375
8 0.509375 0.821875 0.02890625 0.06640625
1 0.753125 0.82109375 0.01796875 0.06015625
2 0.4625 0.8265625 0.02265625 0.0640625
1 0.8671875 0.81953125 0.015625 0.0546875
3 0.54296875 0.821875 0.0234375 0.0625
5 0.7859375 0.81796875 0.02109375 0.03984375
5 0.70390625 0.81796875 0.02265625 0.03984375
4 0.62265625 0.82109375 0.01640625 0.06015625
2 0.67109375 0.82109375 0.02265625 0.0640625
2 0.90078125 0.81796875 0.02265625 0.05859375
7 0.9484375 0.8171875 0.02890625 0.0640625