0 0.81328125 0.86328125 0.0140625 0.028125
0 0.58515625 0.8578125 0.015625 0.03203125
0 0.6609375 0.859375 0.0140625 0.0359375
0 0.9171875 0.8640625 0.01328125 0.03046875
1 0.84296875 0.85625 0.0140625 0.06015625
1 0.7359375 0.85546875 0.015625 0.06640625
2 0.4640625 0.84453125 0.01875 0.06640625
8 0.94609375 0.85546875 0.0234375 0.0625
6 0.68984375 0.8515625 0.0203125 0.06640625
6 0.871875 0.8546875 0.0203125 0.0640625
3 0.5390625 0.84453125 0.02265625 0.06640625
5 0.7671875 0.853125 0.0203125 0.0453125
8 0.50859375 0.8421875 0.0234375 0.06640625
2 0.61640625 0.85 0.0203125 0.06953125