0 0.83828125 0.85546875 0.0140625 0.03203125
0 0.5734375 0.8484375 0.0140625 0.0359375
0 0.80859375 0.8546875 0.015625 0.03046875
1 0.91796875 0.84921875 0.01640625 0.0640625
1 0.6515625 0.8421875 0.01640625 0.06640625
5 0.68359375 0.84140625 0.0265625 0.0453125
5 0.8703125 0.846875 0.0265625 0.0453125
1 0.73046875 0.84921875 0.0203125 0.0640625
2 0.60625 0.8421875 0.0234375 0.0625
5 0.76171875 0.8453125 0.0265625 0.0453125
6 0.94765625 0.8484375 0.0265625 0.06640625
2 0.45390625 0.8390625 0.0234375 0.06640625
7 0.52890625 0.8375 0.0265625 0.071875
7 0.496875 0.8359375 0.02734375 0.06796875