0 0.55078125 0.86015625 0.015625 0.0375
0 0.78671875 0.89375 0.0140625 0.03203125
1 0.93828125 0.90546875 0.01640625 0.06796875
5 0.7390625 0.87734375 0.025 0.04140625
2 0.85625 0.89609375 0.0265625 0.06015625
1 0.6265625 0.8625 0.015625 0.0640625
1 0.8203125 0.89140625 0.01875 0.0625
4 0.58125 0.8609375 0.01875 0.06640625
1 0.70546875 0.87421875 0.01796875 0.06953125
7 0.903125 0.9015625 0.03203125 0.071875
2 0.43046875 0.840625 0.01796875 0.06953125
9 0.65859375 0.86328125 0.01875 0.06953125
3 0.50546875 0.84609375 0.025 0.06640625
8 0.47421875 0.84453125 0.025 0.0734375