0 0.80859375 0.85 0.015625 0.028125
5 0.871875 0.84453125 0.02265625 0.04375
5 0.496875 0.83515625 0.0203125 0.03984375
1 0.73125 0.8453125 0.01640625 0.05625
1 0.840625 0.84609375 0.01875 0.0625
5 0.7609375 0.840625 0.02265625 0.03984375
1 0.94921875 0.8421875 0.01796875 0.05859375
2 0.653125 0.8375 0.0203125 0.06015625
5 0.91875 0.84375 0.025 0.04921875
2 0.45234375 0.83125 0.01875 0.0546875
3 0.684375 0.8390625 0.0265625 0.05859375
4 0.52890625 0.83671875 0.015625 0.0625
3 0.60625 0.83671875 0.025 0.05859375
0 0.575 0.8453125 0.015625 0.03046875