0 0.85234375 0.83515625 0.0140625 0.02421875
0 0.5921875 0.83984375 0.01328125 0.03359375
0 0.821875 0.83359375 0.01328125 0.0265625
4 0.6234375 0.83203125 0.01640625 0.06015625
1 0.88359375 0.8265625 0.01640625 0.05625
1 0.66953125 0.83125 0.01328125 0.0625
5 0.77578125 0.82734375 0.02265625 0.04375
1 0.74609375 0.8328125 0.01796875 0.06640625
4 0.928125 0.8265625 0.01796875 0.05625
9 0.95859375 0.82109375 0.02265625 0.06015625
3 0.6984375 0.828125 0.0234375 0.06796875
2 0.471875 0.8359375 0.01796875 0.06796875
2 0.54765625 0.83203125 0.01875 0.0640625
8 0.515625 0.83515625 0.0234375 0.0734375