0 0.86875 0.8078125 0.01171875 0.03046875
1 0.76171875 0.80390625 0.01875 0.06796875
0 0.840625 0.8078125 0.0140625 0.03359375
0 0.60390625 0.8125 0.0203125 0.05078125
1 0.6828125 0.8046875 0.0203125 0.07734375
1 0.715625 0.80390625 0.01875 0.07890625
5 0.79453125 0.79921875 0.02265625 0.046875
2 0.63671875 0.80078125 0.0265625 0.06640625
6 0.94140625 0.7953125 0.02265625 0.06640625
2 0.47734375 0.8 0.0234375 0.07578125
9 0.89921875 0.796875 0.0203125 0.0625
7 0.52265625 0.79921875 0.02890625 0.08515625
3 0.96953125 0.7953125 0.02265625 0.06640625
7 0.55703125 0.79921875 0.02890625 0.0890625