0 0.915625 0.8359375 0.0140625 0.03046875
0 0.53828125 0.8265625 0.0140625 0.0375
1 0.571875 0.82109375 0.01796875 0.071875
0 0.79453125 0.83359375 0.015625 0.03046875
1 0.9484375 0.828125 0.0140625 0.0640625
1 0.82890625 0.82734375 0.01640625 0.06640625
1 0.65625 0.8234375 0.01796875 0.0734375
2 0.48984375 0.82109375 0.02265625 0.071875
1 0.70859375 0.82265625 0.01875 0.06796875
2 0.40625 0.81875 0.0265625 0.08671875
5 0.74296875 0.82109375 0.0265625 0.04921875
6 0.8625 0.82421875 0.025 0.06796875
2 0.62265625 0.82265625 0.0265625 0.06796875
8 0.45390625 0.81875 0.02734375 0.0828125