0 0.8609375 0.79921875 0.015625 0.0359375
2 0.97421875 0.7765625 0.02734375 0.0734375
0 0.67578125 0.81015625 0.01796875 0.03984375
0 0.8234375 0.80078125 0.01796875 0.03203125
1 0.73125 0.796875 0.02109375 0.0734375
5 0.76875 0.79375 0.02734375 0.046875
7 0.934375 0.77890625 0.03125 0.06796875
1 0.8984375 0.78515625 0.02109375 0.06796875
2 0.4109375 0.81015625 0.02734375 0.06953125
1 0.55078125 0.80625 0.02265625 0.06640625
6 0.496875 0.80546875 0.02734375 0.071875
2 0.63984375 0.803125 0.025 0.07734375
7 0.4609375 0.80546875 0.03359375 0.07578125
2 0.5859375 0.8046875 0.02734375 0.06640625