0 0.5765625 0.84609375 0.01171875 0.028125
0 0.85625 0.85390625 0.015625 0.03203125
5 0.771875 0.8453125 0.02734375 0.0453125
0 0.82265625 0.85390625 0.0140625 0.028125
1 0.7390625 0.8453125 0.01796875 0.06796875
1 0.6578125 0.83984375 0.015625 0.0640625
5 0.496875 0.83671875 0.02265625 0.03984375
6 0.8890625 0.846875 0.025 0.0640625
8 0.6890625 0.8375 0.02890625 0.0640625
1 0.971875 0.8484375 0.015625 0.05859375
3 0.52890625 0.83359375 0.0265625 0.06015625
2 0.44921875 0.83515625 0.0203125 0.05859375
4 0.60859375 0.840625 0.01640625 0.05859375
9 0.93984375 0.8484375 0.0203125 0.0625