0 0.85546875 0.8421875 0.01796875 0.0359375
0 0.82578125 0.84140625 0.01796875 0.03359375
0 0.93203125 0.8390625 0.0234375 0.03203125
0 0.6703125 0.8421875 0.01171875 0.03203125
1 0.9625 0.83046875 0.02265625 0.06015625
0 0.59375 0.84453125 0.0109375 0.03203125
5 0.7796875 0.83359375 0.02890625 0.04921875
1 0.74765625 0.83671875 0.01875 0.06953125
5 0.5171875 0.83515625 0.02265625 0.04375
2 0.47265625 0.840625 0.01875 0.0625
6 0.88671875 0.83046875 0.02890625 0.071875
7 0.7015625 0.83359375 0.0265625 0.06796875
3 0.5484375 0.8359375 0.025 0.06015625
7 0.62421875 0.8359375 0.02265625 0.06796875