0 0.85546875 0.8375 0.01328125 0.02265625
0 0.59375 0.83671875 0.01328125 0.03203125
3 0.9609375 0.83125 0.0234375 0.0625
4 0.8859375 0.83203125 0.01640625 0.053125
5 0.51640625 0.82734375 0.02265625 0.03984375
6 0.92890625 0.828125 0.0203125 0.05625
5 0.77890625 0.83125 0.02265625 0.03984375
6 0.6234375 0.82890625 0.025 0.0625
1 0.74765625 0.83125 0.01640625 0.0625
3 0.54765625 0.82734375 0.0265625 0.05859375
2 0.67109375 0.83203125 0.0203125 0.06015625
2 0.46953125 0.828125 0.01796875 0.05625
7 0.7015625 0.82890625 0.025 0.0625