0 0.82734375 0.83984375 0.0140625 0.0265625
0 0.63359375 0.84375 0.01171875 0.03046875
0 0.88359375 0.83671875 0.01171875 0.02421875
1 0.75234375 0.83359375 0.0140625 0.06015625
4 0.70859375 0.83515625 0.015625 0.0625
1 0.67734375 0.8359375 0.0140625 0.0640625
1 0.85625 0.83359375 0.01796875 0.06015625
2 0.48359375 0.83984375 0.0203125 0.06015625
1 0.60390625 0.8390625 0.015625 0.0546875
8 0.95703125 0.82578125 0.0234375 0.0546875
5 0.78203125 0.83203125 0.02109375 0.04140625
3 0.9265625 0.82734375 0.0265625 0.05859375
2 0.55859375 0.8390625 0.0203125 0.05859375
8 0.52734375 0.8390625 0.0265625 0.0625