0 0.85234375 0.83515625 0.0140625 0.028125
0 0.5875 0.8421875 0.015625 0.0359375
0 0.82109375 0.83515625 0.01328125 0.028125
5 0.77421875 0.82890625 0.02265625 0.04375
2 0.92890625 0.8265625 0.0234375 0.0640625
1 0.74296875 0.8328125 0.01640625 0.06640625
2 0.465625 0.8390625 0.01875 0.0734375
2 0.66484375 0.8328125 0.0203125 0.06640625
9 0.95859375 0.821875 0.02109375 0.05859375
6 0.61875 0.83203125 0.025 0.0640625
9 0.69609375 0.828125 0.01875 0.0640625
8 0.51015625 0.83671875 0.025 0.06953125
2 0.5421875 0.8359375 0.0203125 0.06796875
2 0.88359375 0.82734375 0.02109375 0.0625