6 0.9484375 0.8390625 0.034375 0.05859375
0 0.58203125 0.8484375 0.0140625 0.03984375
0 0.84296875 0.85 0.01875 0.03984375
0 0.81328125 0.85 0.01640625 0.0359375
0 0.66015625 0.84921875 0.015625 0.0375
0 0.91875 0.85 0.02265625 0.0359375
1 0.73671875 0.8453125 0.01875 0.071875
5 0.76796875 0.84140625 0.02890625 0.04921875
1 0.69140625 0.8421875 0.01796875 0.06953125
6 0.87421875 0.840625 0.03203125 0.0625
2 0.46171875 0.8390625 0.01875 0.07734375
2 0.6140625 0.83984375 0.0234375 0.06796875
2 0.53828125 0.83984375 0.01875 0.071875
8 0.50625 0.8375 0.0234375 0.07890625