9 0.9484375 0.87109375 0.0390625 0.06640625
0 0.784375 0.88046875 0.02890625 0.04375
0 0.90703125 0.88125 0.0234375 0.053125
0 0.61953125 0.8765625 0.02265625 0.0359375
1 0.82109375 0.87578125 0.0265625 0.07578125
2 0.4234375 0.86484375 0.02734375 0.05859375
0 0.54140625 0.87265625 0.02265625 0.046875
9 0.5734375 0.86640625 0.03203125 0.06796875
5 0.73359375 0.86875 0.03203125 0.046875
3 0.85625 0.8734375 0.034375 0.06796875
7 0.65390625 0.86875 0.0359375 0.06640625
1 0.69921875 0.86875 0.025 0.06640625
7 0.4640625 0.86640625 0.03203125 0.05625
6 0.496875 0.86484375 0.0296875 0.05859375