0 0.83984375 0.8546875 0.01328125 0.02265625
0 0.65546875 0.846875 0.01328125 0.03359375
0 0.80859375 0.853125 0.01171875 0.0265625
0 0.578125 0.846875 0.0109375 0.0375
5 0.76328125 0.84453125 0.0234375 0.046875
2 0.4578125 0.8390625 0.0203125 0.06640625
6 0.6859375 0.840625 0.02109375 0.0625
1 0.73125 0.8453125 0.01875 0.06796875
2 0.53359375 0.83984375 0.01875 0.06796875
5 0.94609375 0.84609375 0.02109375 0.04375
8 0.5015625 0.8390625 0.025 0.06953125
7 0.609375 0.840625 0.0234375 0.06953125
6 0.9140625 0.8484375 0.0203125 0.0625
7 0.86953125 0.84609375 0.025 0.0625