0 0.57734375 0.8390625 0.01171875 0.03203125
0 0.684375 0.83671875 0.01171875 0.03203125
0 0.80859375 0.8359375 0.0140625 0.0265625
5 0.7609375 0.828125 0.02109375 0.04140625
1 0.72890625 0.83125 0.015625 0.06640625
4 0.6078125 0.83203125 0.01796875 0.06015625
1 0.65390625 0.82890625 0.015625 0.05859375
1 0.83828125 0.82890625 0.0140625 0.05859375
5 0.50078125 0.8328125 0.02265625 0.04375
9 0.9140625 0.82421875 0.02109375 0.06015625
2 0.45625 0.83203125 0.0203125 0.05625
4 0.53203125 0.83359375 0.01640625 0.0640625
7 0.9453125 0.82578125 0.0234375 0.05859375
2 0.86953125 0.828125 0.0203125 0.05625