0 0.5765625 0.85 0.01328125 0.028125
0 0.83984375 0.8546875 0.0203125 0.0375
0 0.65390625 0.8515625 0.0140625 0.03203125
0 0.8078125 0.8546875 0.0203125 0.0375
1 0.60625 0.84375 0.0140625 0.0640625
2 0.91796875 0.84921875 0.03125 0.0640625
5 0.7625 0.846875 0.0296875 0.04921875
1 0.7296875 0.8484375 0.01875 0.06640625
3 0.87109375 0.85 0.03125 0.0734375
5 0.49921875 0.84140625 0.02265625 0.04140625
2 0.68515625 0.8453125 0.02265625 0.0640625
4 0.53046875 0.84140625 0.015625 0.0640625
1 0.9484375 0.85078125 0.02265625 0.06015625
2 0.4546875 0.83984375 0.01875 0.05625