0 0.8203125 0.8453125 0.0140625 0.03046875
1 0.85078125 0.83984375 0.015625 0.05625
4 0.95625 0.840625 0.0140625 0.05859375
1 0.7421875 0.8375 0.01796875 0.06796875
5 0.77265625 0.83671875 0.0234375 0.04375
1 0.66640625 0.8359375 0.01796875 0.06796875
1 0.5890625 0.83671875 0.01875 0.06640625
2 0.62109375 0.83515625 0.0265625 0.0625
7 0.5109375 0.83046875 0.0296875 0.0640625
6 0.5421875 0.82890625 0.02265625 0.0625
6 0.925 0.83984375 0.0234375 0.05625
2 0.4671875 0.83125 0.02265625 0.06640625
8 0.69609375 0.83203125 0.0265625 0.06796875
3 0.88125 0.8375 0.02265625 0.05625