0 0.9015625 0.75859375 0.0140625 0.0265625
0 0.7125 0.78125 0.015625 0.03046875
0 0.87421875 0.7625 0.015625 0.03046875
0 0.84765625 0.76328125 0.0140625 0.028125
0 0.64140625 0.7875 0.015625 0.028125
5 0.8078125 0.76484375 0.0203125 0.0359375
1 0.78125 0.77109375 0.01796875 0.05078125
2 0.5234375 0.7921875 0.01875 0.05625
7 0.9390625 0.746875 0.0234375 0.053125
6 0.96640625 0.74375 0.0234375 0.053125
6 0.73984375 0.771875 0.025 0.04921875
6 0.66875 0.778125 0.0234375 0.05078125
8 0.56640625 0.7890625 0.02109375 0.06015625
2 0.5953125 0.78671875 0.02109375 0.06015625