0 0.8484375 0.840625 0.0140625 0.02421875
0 0.565625 0.84140625 0.0140625 0.03046875
5 0.48125 0.83359375 0.0265625 0.04140625
0 0.815625 0.840625 0.0140625 0.028125
2 0.43359375 0.83046875 0.0234375 0.053125
5 0.76640625 0.8328125 0.025 0.03984375
1 0.6484375 0.8359375 0.0203125 0.06015625
5 0.6828125 0.83359375 0.025 0.04140625
6 0.88046875 0.83125 0.025 0.0546875
1 0.73125 0.83671875 0.02265625 0.05859375
4 0.51484375 0.8328125 0.0203125 0.0625
8 0.96171875 0.82734375 0.0265625 0.05859375
9 0.928125 0.83125 0.0203125 0.05859375
2 0.59921875 0.83359375 0.02734375 0.0640625