0 0.8578125 0.83671875 0.01796875 0.028125
0 0.825 0.8359375 0.01875 0.03046875
0 0.94140625 0.83984375 0.01796875 0.03359375
0 0.6609375 0.83515625 0.0234375 0.0359375
0 0.58125 0.83203125 0.01640625 0.03359375
5 0.7765625 0.828125 0.02890625 0.04921875
2 0.45390625 0.82109375 0.02265625 0.071875
4 0.61328125 0.828125 0.02109375 0.05625
9 0.9734375 0.82890625 0.0265625 0.0625
1 0.74296875 0.83046875 0.02109375 0.071875
8 0.69453125 0.82578125 0.03203125 0.05859375
3 0.8921875 0.82734375 0.03203125 0.0625
8 0.50078125 0.81796875 0.02734375 0.06640625
3 0.53359375 0.821875 0.02734375 0.06953125