0 0.57734375 0.8578125 0.01171875 0.03203125
0 0.81015625 0.85859375 0.015625 0.03359375
1 0.65234375 0.8515625 0.0140625 0.06953125
1 0.84140625 0.85 0.01640625 0.05859375
1 0.87265625 0.85078125 0.01640625 0.06015625
5 0.76171875 0.84921875 0.02109375 0.04921875
1 0.7296875 0.85078125 0.0140625 0.06796875
7 0.94921875 0.84921875 0.025 0.071875
7 0.9171875 0.8484375 0.02734375 0.06953125
2 0.45703125 0.853125 0.01875 0.06796875
2 0.68359375 0.8515625 0.0203125 0.06640625
8 0.60625 0.846875 0.025 0.0640625
8 0.50078125 0.85078125 0.025 0.06796875
2 0.53125 0.85 0.0203125 0.06640625