0 0.85078125 0.83203125 0.015625 0.03046875
0 0.6984375 0.84375 0.0140625 0.03046875
1 0.77421875 0.82890625 0.015625 0.06953125
0 0.65390625 0.8453125 0.01640625 0.03046875
1 0.98125 0.8171875 0.0140625 0.06015625
1 0.8796875 0.82265625 0.0140625 0.0640625
5 0.80546875 0.82734375 0.02265625 0.04375
7 0.54375 0.84140625 0.0296875 0.06796875
7 0.72890625 0.83203125 0.025 0.071875
2 0.4984375 0.84453125 0.0234375 0.06953125
1 0.621875 0.840625 0.0203125 0.06640625
6 0.57578125 0.840625 0.02265625 0.06953125
1 0.90859375 0.82109375 0.015625 0.06015625
1 0.95234375 0.81953125 0.0140625 0.05859375