0 0.67578125 0.853125 0.015625 0.0375
0 0.87734375 0.85078125 0.0140625 0.03046875
0 0.59140625 0.85625 0.01640625 0.0453125
6 0.70859375 0.840625 0.0234375 0.06953125
0 0.84375 0.85078125 0.015625 0.03046875
8 0.98046875 0.8359375 0.02734375 0.06015625
1 0.759375 0.84375 0.02109375 0.07578125
5 0.79453125 0.8390625 0.025 0.05078125
5 0.9109375 0.8375 0.02265625 0.0453125
2 0.4609375 0.8453125 0.01796875 0.071875
3 0.5453125 0.84609375 0.02890625 0.06953125
9 0.94609375 0.83671875 0.02265625 0.0625
2 0.625 0.8453125 0.02109375 0.0828125
8 0.509375 0.84453125 0.0265625 0.08125