0 0.86875 0.83671875 0.01640625 0.02421875
0 0.8390625 0.83671875 0.015625 0.02421875
0 0.70859375 0.83671875 0.01875 0.028125
2 0.5484375 0.83203125 0.025 0.06796875
4 0.90234375 0.83046875 0.01640625 0.05625
3 0.6765625 0.828125 0.03125 0.0640625
2 0.46875 0.83046875 0.0203125 0.06796875
5 0.7890625 0.828125 0.02265625 0.04140625
2 0.62734375 0.83125 0.0234375 0.06953125
8 0.515625 0.83203125 0.0265625 0.0640625
8 0.9515625 0.828125 0.0265625 0.053125
6 0.98203125 0.8265625 0.02109375 0.053125
1 0.59453125 0.83046875 0.0203125 0.0640625
1 0.7578125 0.83046875 0.0203125 0.06015625