0 0.65859375 0.8234375 0.0140625 0.03203125
0 0.853125 0.82890625 0.0203125 0.028125
0 0.82109375 0.82734375 0.01796875 0.028125
0 0.5796875 0.82265625 0.01171875 0.04140625
3 0.69140625 0.81796875 0.02734375 0.0625
1 0.7390625 0.8234375 0.01875 0.06953125
2 0.4546875 0.809375 0.01875 0.0640625
5 0.77109375 0.81875 0.0265625 0.0453125
4 0.96640625 0.821875 0.0203125 0.05859375
3 0.9328125 0.82265625 0.02734375 0.0640625
2 0.6109375 0.81484375 0.01875 0.06796875
7 0.5 0.80859375 0.0265625 0.07734375
3 0.8859375 0.82265625 0.02890625 0.06015625
7 0.5328125 0.81015625 0.025 0.0734375