6 0.90390625 0.8390625 0.03359375 0.0546875
7 0.40703125 0.83125 0.0359375 0.05859375
0 0.77890625 0.8453125 0.02109375 0.03046875
0 0.50234375 0.8421875 0.0234375 0.03203125
1 0.5359375 0.83359375 0.02734375 0.0640625
1 0.8140625 0.8390625 0.0234375 0.05859375
7 0.44765625 0.83125 0.03359375 0.0625
1 0.68125 0.840625 0.025 0.06640625
5 0.7203125 0.83671875 0.02890625 0.046875
6 0.62890625 0.83359375 0.034375 0.05625
2 0.59140625 0.8328125 0.0296875 0.05859375
2 0.85078125 0.83515625 0.0296875 0.05078125
1 0.94296875 0.8390625 0.02109375 0.0546875