0 0.65078125 0.8359375 0.015625 0.0265625
0 0.8140625 0.83671875 0.015625 0.028125
1 0.8453125 0.83046875 0.01875 0.05625
4 0.95625 0.828125 0.01796875 0.053125
5 0.7640625 0.82890625 0.0234375 0.03984375
2 0.925 0.828125 0.0265625 0.06015625
1 0.73203125 0.83125 0.01640625 0.0625
4 0.87734375 0.82734375 0.01875 0.0546875
8 0.68359375 0.8265625 0.0296875 0.053125
1 0.603125 0.83125 0.015625 0.05859375
5 0.48828125 0.82734375 0.02109375 0.03984375
1 0.5703125 0.83125 0.01640625 0.0546875
2 0.440625 0.82578125 0.01875 0.0546875
3 0.521875 0.8234375 0.0265625 0.05625