9 0.9484375 0.83515625 0.02109375 0.0625
0 0.8125 0.8453125 0.015625 0.03046875
1 0.5859375 0.8359375 0.0203125 0.0640625
5 0.91875 0.83984375 0.02265625 0.0375
1 0.6171875 0.83515625 0.01796875 0.06640625
1 0.84296875 0.8390625 0.01875 0.0625
1 0.7359375 0.83671875 0.015625 0.06640625
5 0.871875 0.8375 0.02265625 0.04140625
2 0.54296875 0.83125 0.0234375 0.0625
5 0.76640625 0.8359375 0.02265625 0.0453125
8 0.51015625 0.83046875 0.02734375 0.06796875
2 0.6609375 0.83515625 0.0234375 0.0625
2 0.46796875 0.83203125 0.02109375 0.06796875
7 0.69140625 0.83359375 0.02734375 0.06796875