0 0.81015625 0.84609375 0.015625 0.03203125
0 0.5828125 0.83984375 0.01328125 0.0375
2 0.66015625 0.83515625 0.02265625 0.0734375
1 0.9171875 0.84140625 0.01796875 0.071875
1 0.690625 0.8375 0.01640625 0.06796875
4 0.84140625 0.8421875 0.01796875 0.06953125
3 0.871875 0.840625 0.025 0.06953125
3 0.61328125 0.8328125 0.0234375 0.06640625
2 0.46328125 0.83125 0.01640625 0.06953125
2 0.94765625 0.83984375 0.0265625 0.0640625
1 0.734375 0.83515625 0.0140625 0.06640625
8 0.50625 0.83046875 0.025 0.071875
8 0.76484375 0.8359375 0.02734375 0.0640625
2 0.53828125 0.83203125 0.01875 0.06796875