0 0.8140625 0.821875 0.01328125 0.028125
0 0.84453125 0.821875 0.01328125 0.03203125
7 0.9546875 0.8125 0.02890625 0.07734375
1 0.9234375 0.81640625 0.01796875 0.0625
5 0.76640625 0.81328125 0.0234375 0.04140625
3 0.8765625 0.81328125 0.0265625 0.06015625
1 0.58125 0.8171875 0.015625 0.06015625
1 0.73515625 0.8171875 0.01796875 0.06015625
3 0.53671875 0.81484375 0.0234375 0.05625
6 0.68828125 0.8125 0.02109375 0.05859375
2 0.4609375 0.8171875 0.01875 0.06015625
5 0.50546875 0.8171875 0.0203125 0.0375
2 0.65859375 0.81640625 0.02109375 0.0625
2 0.6125 0.8171875 0.02265625 0.06015625