3 0.9546875 0.8359375 0.02109375 0.0640625
0 0.81796875 0.84609375 0.02109375 0.0359375
0 0.5859375 0.84921875 0.01640625 0.03359375
1 0.85 0.840625 0.01875 0.06953125
1 0.69453125 0.84375 0.02265625 0.06015625
2 0.4640625 0.84140625 0.0234375 0.06796875
3 0.66328125 0.84140625 0.02890625 0.06796875
5 0.77109375 0.8375 0.025 0.04921875
6 0.92421875 0.83515625 0.0296875 0.06953125
1 0.740625 0.84140625 0.01640625 0.0640625
3 0.88046875 0.83671875 0.02734375 0.0625
8 0.5078125 0.83984375 0.0296875 0.0640625
3 0.61640625 0.84140625 0.02890625 0.071875
3 0.54140625 0.840625 0.03125 0.06640625