0 0.68671875 0.83671875 0.01171875 0.03203125
0 0.6109375 0.8328125 0.015625 0.0359375
0 0.80859375 0.8421875 0.015625 0.028125
1 0.73203125 0.83125 0.01640625 0.06640625
1 0.8390625 0.83515625 0.015625 0.0625
1 0.58125 0.82421875 0.015625 0.06796875
2 0.53671875 0.82421875 0.02109375 0.0640625
5 0.76328125 0.83046875 0.0234375 0.0453125
8 0.5046875 0.81953125 0.02890625 0.06640625
2 0.4609375 0.8234375 0.02109375 0.06953125
8 0.86875 0.83515625 0.0265625 0.0625
5 0.94609375 0.83671875 0.0203125 0.03984375
2 0.65703125 0.8265625 0.01875 0.06796875
6 0.9140625 0.8390625 0.02109375 0.0625