0 0.6546875 0.83515625 0.01640625 0.03203125
1 0.95390625 0.82578125 0.0203125 0.06953125
4 0.91953125 0.82578125 0.01796875 0.06640625
0 0.8109375 0.83515625 0.015625 0.03203125
1 0.57734375 0.82890625 0.02109375 0.06953125
0 0.60859375 0.83515625 0.01796875 0.03984375
1 0.6859375 0.82578125 0.01796875 0.06953125
2 0.53359375 0.82890625 0.02265625 0.06640625
1 0.7328125 0.828125 0.0203125 0.07578125
2 0.4578125 0.83125 0.02265625 0.06953125
3 0.875 0.82734375 0.0265625 0.0734375
5 0.7640625 0.828125 0.0265625 0.04921875
5 0.84296875 0.8265625 0.0265625 0.04921875
8 0.5015625 0.82421875 0.03125 0.071875