0 0.81875 0.73671875 0.0140625 0.03203125
4 0.84921875 0.73046875 0.015625 0.06015625
0 0.58359375 0.74140625 0.01328125 0.03046875
1 0.88125 0.73046875 0.0140625 0.053125
1 0.740625 0.7328125 0.01640625 0.05859375
3 0.5375 0.7359375 0.025 0.0640625
1 0.69375 0.73359375 0.01640625 0.06015625
5 0.771875 0.73125 0.02265625 0.04375
3 0.9546875 0.7265625 0.0234375 0.06015625
3 0.925 0.72734375 0.0234375 0.0625
5 0.615625 0.73203125 0.01875 0.04140625
2 0.459375 0.7359375 0.01875 0.0640625
8 0.5046875 0.7359375 0.0234375 0.0640625
0 0.66171875 0.73828125 0.0125 0.025