0 0.6625 0.83984375 0.01796875 0.03046875
0 0.5859375 0.83984375 0.0140625 0.03359375
0 0.81796875 0.840625 0.0140625 0.03984375
5 0.509375 0.83125 0.0234375 0.04375
3 0.54140625 0.828125 0.02734375 0.06015625
1 0.7390625 0.83125 0.0140625 0.0734375
1 0.8484375 0.83125 0.015625 0.06640625
5 0.61640625 0.83203125 0.0234375 0.0453125
8 0.69453125 0.83125 0.02734375 0.0546875
6 0.95390625 0.828125 0.02265625 0.06015625
2 0.46484375 0.83203125 0.0203125 0.05625
8 0.925 0.828125 0.02890625 0.06015625
8 0.87890625 0.828125 0.025 0.06015625
8 0.77109375 0.83046875 0.02734375 0.0640625