0 0.8890625 0.82890625 0.01640625 0.0359375
0 0.59453125 0.83359375 0.015625 0.03359375
0 0.8265625 0.83125 0.015625 0.028125
0 0.70234375 0.83203125 0.01875 0.03359375
1 0.96640625 0.821875 0.01796875 0.05859375
1 0.7484375 0.8265625 0.0203125 0.06796875
2 0.93515625 0.82265625 0.025 0.0640625
2 0.47109375 0.83125 0.0203125 0.06953125
5 0.77890625 0.82421875 0.02734375 0.0453125
3 0.625 0.82578125 0.0265625 0.0625
2 0.5484375 0.828125 0.02265625 0.0640625
2 0.67109375 0.8265625 0.0265625 0.06796875
3 0.85703125 0.8234375 0.02890625 0.06640625
8 0.515625 0.82890625 0.0234375 0.06640625