0 0.8234375 0.8453125 0.0140625 0.0265625
0 0.59140625 0.8515625 0.01328125 0.03203125
1 0.7 0.84375 0.01640625 0.0640625
1 0.74609375 0.84453125 0.01640625 0.0625
1 0.621875 0.84375 0.01796875 0.0640625
1 0.66875 0.84140625 0.01640625 0.06015625
5 0.95859375 0.8328125 0.0234375 0.04375
2 0.46875 0.846875 0.0203125 0.06796875
8 0.51171875 0.846875 0.0234375 0.071875
4 0.92890625 0.83359375 0.01640625 0.0640625
2 0.853125 0.83203125 0.02265625 0.06796875
5 0.8828125 0.8359375 0.02265625 0.04140625
2 0.54453125 0.8453125 0.0203125 0.0640625
5 0.7765625 0.8390625 0.0203125 0.04375