0 0.8140625 0.8234375 0.01640625 0.0359375
0 0.65859375 0.8234375 0.0140625 0.03203125
0 0.58046875 0.82265625 0.0109375 0.03359375
4 0.95390625 0.8171875 0.01796875 0.06796875
1 0.734375 0.8171875 0.01875 0.06796875
1 0.8765625 0.81875 0.0203125 0.0640625
1 0.6890625 0.8171875 0.015625 0.06796875
5 0.76640625 0.81484375 0.0234375 0.04140625
2 0.8453125 0.81640625 0.0234375 0.06953125
8 0.92265625 0.81484375 0.02890625 0.06015625
2 0.459375 0.81796875 0.01875 0.07734375
3 0.6109375 0.81640625 0.0234375 0.06640625
2 0.534375 0.8171875 0.01875 0.0640625
8 0.503125 0.81484375 0.025 0.071875