0 0.82578125 0.84921875 0.0203125 0.03359375
0 0.671875 0.84609375 0.0203125 0.0359375
0 0.59609375 0.8421875 0.01875 0.0359375
2 0.475 0.83046875 0.0234375 0.06796875
2 0.6265625 0.83671875 0.02734375 0.06640625
1 0.85390625 0.84375 0.0203125 0.0640625
2 0.70390625 0.8390625 0.0296875 0.06640625
4 0.5515625 0.8375 0.02109375 0.06015625
9 0.95625 0.840625 0.02109375 0.0625
2 0.88359375 0.8421875 0.025 0.05859375
5 0.51953125 0.83203125 0.025 0.04921875
1 0.7484375 0.840625 0.02109375 0.06640625
6 0.92578125 0.83984375 0.02734375 0.06796875
5 0.77890625 0.8390625 0.02734375 0.046875