0 0.82890625 0.86796875 0.01171875 0.0265625
0 0.9046875 0.87109375 0.0140625 0.03203125
0 0.5703125 0.85625 0.0140625 0.03359375
0 0.79765625 0.86640625 0.01171875 0.0265625
4 0.85859375 0.86328125 0.01640625 0.05859375
9 0.93515625 0.8578125 0.025 0.06640625
1 0.721875 0.85625 0.015625 0.06015625
5 0.753125 0.85625 0.0203125 0.04140625
1 0.67734375 0.8546875 0.01640625 0.0640625
8 0.49375 0.84140625 0.0265625 0.071875
1 0.646875 0.8515625 0.01796875 0.0625
6 0.6 0.84921875 0.0234375 0.0640625
3 0.5265625 0.8453125 0.0234375 0.06796875
2 0.45078125 0.84375 0.0203125 0.06796875