0 0.84921875 0.8546875 0.01796875 0.03359375
0 0.81875 0.85390625 0.01640625 0.0359375
0 0.5890625 0.84921875 0.01875 0.04140625
8 0.92421875 0.84609375 0.02734375 0.06640625
1 0.88046875 0.846875 0.0203125 0.06796875
2 0.4671875 0.83671875 0.02265625 0.06640625
5 0.7734375 0.84375 0.02734375 0.04921875
2 0.66640625 0.840625 0.0265625 0.06953125
2 0.69921875 0.84375 0.02734375 0.06796875
1 0.7421875 0.8453125 0.0203125 0.071875
7 0.5109375 0.8359375 0.0265625 0.071875
2 0.621875 0.8421875 0.0296875 0.06640625
7 0.54296875 0.8375 0.02890625 0.07578125
7 0.95546875 0.85 0.02265625 0.0734375