0 0.58828125 0.8640625 0.01171875 0.03046875
0 0.6640625 0.8671875 0.01171875 0.028125
0 0.8484375 0.86640625 0.0140625 0.0265625
5 0.7734375 0.8609375 0.02265625 0.03984375
1 0.74296875 0.86328125 0.01640625 0.05859375
0 0.81953125 0.86640625 0.01328125 0.02265625
2 0.4703125 0.85 0.01875 0.0625
1 0.95390625 0.86015625 0.0140625 0.05625
8 0.69609375 0.85859375 0.0265625 0.05625
2 0.54375 0.85390625 0.01875 0.0625
8 0.9234375 0.8578125 0.025 0.05859375
8 0.5125 0.85078125 0.02265625 0.0640625
2 0.87890625 0.859375 0.0203125 0.0546875
7 0.61796875 0.86015625 0.02109375 0.0640625