0 0.86328125 0.8546875 0.01875 0.0265625
0 0.8296875 0.8546875 0.01640625 0.0265625
2 0.61640625 0.83984375 0.0296875 0.071875
0 0.58359375 0.8453125 0.01640625 0.03359375
6 0.97734375 0.84921875 0.02109375 0.06015625
8 0.89609375 0.84609375 0.03125 0.05078125
2 0.66640625 0.8375 0.02734375 0.071875
3 0.7 0.83984375 0.02890625 0.0640625
1 0.7484375 0.846875 0.0203125 0.0640625
1 0.94609375 0.8515625 0.01796875 0.0625
5 0.78125 0.8453125 0.0234375 0.0375
2 0.45625 0.83359375 0.02265625 0.07890625
2 0.53515625 0.8375 0.02265625 0.06796875
8 0.5015625 0.8359375 0.025 0.071875