0 0.56640625 0.8453125 0.0109375 0.03046875
0 0.79765625 0.853125 0.01171875 0.0265625
0 0.64296875 0.84609375 0.01171875 0.028125
1 0.71953125 0.84609375 0.015625 0.06640625
3 0.67265625 0.8421875 0.0265625 0.0625
3 0.52109375 0.83359375 0.02265625 0.0640625
2 0.44609375 0.83359375 0.0203125 0.0640625
5 0.75078125 0.84375 0.02265625 0.04140625
9 0.9390625 0.8484375 0.0203125 0.05859375
8 0.48984375 0.83359375 0.02265625 0.06796875
4 0.59609375 0.840625 0.015625 0.0625
2 0.86015625 0.85078125 0.02265625 0.0640625
8 0.90625 0.84921875 0.02734375 0.06796875
2 0.8296875 0.846875 0.0234375 0.06015625