0 0.85234375 0.84453125 0.01640625 0.028125
7 0.96328125 0.83359375 0.0265625 0.06796875
0 0.57578125 0.8453125 0.01796875 0.03359375
0 0.82109375 0.84453125 0.015625 0.028125
7 0.9328125 0.8328125 0.025 0.0625
5 0.771875 0.8359375 0.02265625 0.04140625
2 0.44609375 0.8375 0.025 0.06796875
1 0.7390625 0.83671875 0.02109375 0.05859375
5 0.69140625 0.83671875 0.025 0.04375
5 0.49375 0.8359375 0.02890625 0.04921875
1 0.6578125 0.8390625 0.02265625 0.06640625
8 0.88515625 0.83515625 0.02734375 0.05078125
6 0.60859375 0.8359375 0.0296875 0.06015625
3 0.52890625 0.83515625 0.03203125 0.06640625