2 0.40859375 0.86015625 0.02265625 0.06015625
0 0.83828125 0.8734375 0.01875 0.03046875
0 0.90390625 0.87109375 0.015625 0.028125
1 0.875 0.86328125 0.02109375 0.0546875
5 0.46875 0.8640625 0.0296875 0.0375
1 0.75390625 0.86640625 0.02265625 0.0640625
5 0.78984375 0.8625 0.02734375 0.0453125
3 0.51015625 0.86484375 0.03203125 0.0625
4 0.9375 0.86484375 0.0203125 0.0546875
9 0.96796875 0.85859375 0.0234375 0.05625
1 0.6046875 0.86328125 0.02109375 0.0625
1 0.56796875 0.86640625 0.0234375 0.06015625
1 0.7 0.8640625 0.02109375 0.06015625
2 0.6625 0.86328125 0.02734375 0.0625