0 0.82421875 0.86484375 0.01328125 0.028125
0 0.85234375 0.8640625 0.0140625 0.03046875
0 0.6015625 0.8671875 0.01328125 0.03984375
1 0.6765625 0.8578125 0.0140625 0.0625
7 0.95390625 0.8578125 0.02265625 0.06953125
1 0.7515625 0.85859375 0.01640625 0.0640625
3 0.925 0.85546875 0.01875 0.05859375
4 0.88125 0.8578125 0.0140625 0.05859375
4 0.7046875 0.859375 0.01640625 0.06640625
2 0.48125 0.8625 0.01875 0.071875
5 0.78046875 0.8546875 0.02265625 0.04140625
2 0.6328125 0.86015625 0.0203125 0.0640625
7 0.525 0.8609375 0.0265625 0.07734375
7 0.55703125 0.859375 0.0234375 0.0734375