0 0.82109375 0.8484375 0.0140625 0.03203125
1 0.8515625 0.83984375 0.015625 0.071875
1 0.8828125 0.83515625 0.01796875 0.06640625
1 0.74375 0.84140625 0.015625 0.071875
1 0.6234375 0.8453125 0.01796875 0.06015625
8 0.95859375 0.8328125 0.0265625 0.06640625
1 0.59375 0.84609375 0.01796875 0.06640625
5 0.77578125 0.8390625 0.025 0.046875
8 0.925 0.83359375 0.0265625 0.06796875
2 0.47265625 0.84921875 0.0234375 0.06015625
6 0.54765625 0.84453125 0.0234375 0.06640625
2 0.7 0.8421875 0.0234375 0.06953125
7 0.515625 0.84609375 0.02890625 0.06640625
2 0.66875 0.8453125 0.0265625 0.071875