0 0.853125 0.8390625 0.01796875 0.028125
0 0.821875 0.83984375 0.01796875 0.03046875
0 0.66640625 0.84140625 0.01875 0.0375
1 0.58984375 0.840625 0.01796875 0.06953125
5 0.7765625 0.83359375 0.02890625 0.04921875
1 0.96015625 0.828125 0.015625 0.05625
4 0.92890625 0.83046875 0.015625 0.06015625
2 0.54453125 0.83984375 0.02265625 0.06796875
1 0.74453125 0.83515625 0.0203125 0.06953125
3 0.88359375 0.83203125 0.025 0.06796875
2 0.46640625 0.840625 0.01875 0.06953125
8 0.5109375 0.8375 0.02734375 0.07578125
2 0.62265625 0.83671875 0.02890625 0.06953125
7 0.69921875 0.83046875 0.03203125 0.07578125