0 0.66640625 0.83671875 0.0203125 0.03203125
0 0.87890625 0.83203125 0.01328125 0.03046875
0 0.58828125 0.83984375 0.01640625 0.0375
1 0.6953125 0.83046875 0.02109375 0.06015625
0 0.81796875 0.8328125 0.01640625 0.03203125
9 0.95390625 0.821875 0.02265625 0.05859375
2 0.46875 0.8359375 0.03125 0.071875
9 0.9234375 0.82421875 0.025 0.06015625
1 0.74140625 0.83046875 0.0203125 0.0640625
3 0.84765625 0.82578125 0.02890625 0.05859375
5 0.6203125 0.83125 0.0265625 0.046875
3 0.54453125 0.83203125 0.0296875 0.06015625
8 0.5109375 0.83203125 0.0296875 0.071875
5 0.771875 0.8265625 0.025 0.04921875