0 0.81875 0.8375 0.0109375 0.0265625
0 0.58359375 0.8359375 0.01328125 0.03046875
0 0.69375 0.83671875 0.01328125 0.028125
1 0.84765625 0.83203125 0.0140625 0.06015625
4 0.95390625 0.83125 0.01796875 0.05859375
4 0.878125 0.83046875 0.01328125 0.0640625
1 0.73984375 0.83046875 0.01328125 0.06015625
5 0.50703125 0.82578125 0.0265625 0.04375
4 0.92421875 0.83203125 0.01796875 0.06015625
2 0.4609375 0.8265625 0.0203125 0.05625
5 0.615625 0.82734375 0.02109375 0.046875
6 0.7703125 0.83203125 0.02109375 0.06015625
3 0.5390625 0.8234375 0.0265625 0.05859375
2 0.6625 0.828125 0.0203125 0.0640625