0 0.57578125 0.8453125 0.01328125 0.03046875
0 0.84765625 0.8421875 0.0140625 0.028125
1 0.95703125 0.83125 0.01875 0.0546875
0 0.815625 0.84140625 0.01171875 0.0265625
0 0.6546875 0.84453125 0.01171875 0.03203125
1 0.7359375 0.8390625 0.01640625 0.0625
3 0.9265625 0.83046875 0.025 0.06015625
5 0.76796875 0.83515625 0.02109375 0.03984375
5 0.68671875 0.8359375 0.02109375 0.04140625
2 0.44921875 0.8390625 0.0203125 0.06640625
7 0.87890625 0.83359375 0.02734375 0.06015625
2 0.52890625 0.8375 0.01875 0.0640625
2 0.6078125 0.8359375 0.0203125 0.0640625
8 0.4953125 0.83671875 0.0234375 0.06953125