0 0.7859375 0.87265625 0.009375 0.02421875
5 0.875 0.84609375 0.0140625 0.03984375
0 0.80625 0.86953125 0.0109375 0.02265625
0 0.628125 0.928125 0.01328125 0.03359375
1 0.7359375 0.88125 0.01171875 0.053125
1 0.68359375 0.89609375 0.01171875 0.06015625
5 0.75625 0.8734375 0.015625 0.0375
1 0.85625 0.85078125 0.01171875 0.05625
2 0.53359375 0.953125 0.01796875 0.0640625
7 0.56875 0.93984375 0.02265625 0.0640625
9 0.65078125 0.9109375 0.01796875 0.0640625
6 0.59296875 0.9359375 0.01640625 0.06796875
7 0.8265625 0.85546875 0.01875 0.05859375
8 0.70390625 0.8890625 0.01796875 0.06015625