0 0.8140625 0.85859375 0.01328125 0.02265625
0 0.58125 0.853125 0.01328125 0.03046875
0 0.65859375 0.8546875 0.01328125 0.03359375
0 0.84296875 0.859375 0.01171875 0.02421875
9 0.6109375 0.84453125 0.0203125 0.0625
1 0.7359375 0.853125 0.015625 0.05625
9 0.690625 0.846875 0.01875 0.06015625
5 0.7671875 0.85078125 0.02265625 0.0375
2 0.45859375 0.84140625 0.01875 0.06796875
4 0.8734375 0.85390625 0.01796875 0.05859375
2 0.534375 0.84453125 0.02109375 0.06640625
8 0.5015625 0.84375 0.02265625 0.071875
2 0.91875 0.853125 0.02109375 0.0640625
8 0.94921875 0.853125 0.02265625 0.06015625