0 0.8125 0.84453125 0.01328125 0.03203125
0 0.5734375 0.8375 0.0140625 0.03046875
0 0.8453125 0.84375 0.01640625 0.03359375
1 0.65234375 0.83359375 0.0140625 0.0640625
1 0.73125 0.83671875 0.01640625 0.06640625
5 0.7640625 0.8359375 0.025 0.0453125
1 0.87734375 0.8375 0.01875 0.05625
1 0.95546875 0.8390625 0.015625 0.05859375
8 0.60546875 0.83046875 0.02734375 0.05625
2 0.684375 0.8359375 0.02109375 0.0640625
1 0.92421875 0.8375 0.01796875 0.05625
2 0.4515625 0.828125 0.01796875 0.06796875
2 0.528125 0.83046875 0.0203125 0.0640625
8 0.49609375 0.82890625 0.0234375 0.06953125