1 0.878125 0.853125 0.01328125 0.05625
0 0.68125 0.86015625 0.01640625 0.0265625
1 0.9640625 0.85 0.01796875 0.06953125
0 0.56640625 0.85 0.0140625 0.028125
0 0.81640625 0.86328125 0.015625 0.03203125
0 0.9296875 0.86015625 0.0140625 0.0375
1 0.8484375 0.85546875 0.01640625 0.0625
3 0.6484375 0.846875 0.02890625 0.0640625
9 0.5984375 0.8453125 0.0234375 0.0640625
5 0.76640625 0.853125 0.025 0.0453125
2 0.52109375 0.84140625 0.0203125 0.06015625
1 0.73359375 0.8546875 0.0203125 0.0640625
8 0.4890625 0.84375 0.0234375 0.06015625
2 0.4453125 0.84375 0.01640625 0.06015625