0 0.8515625 0.8359375 0.015625 0.0265625
1 0.5859375 0.8359375 0.015625 0.07890625
0 0.82109375 0.83515625 0.01328125 0.028125
1 0.6625 0.8359375 0.01796875 0.071875
2 0.54375 0.83359375 0.025 0.071875
1 0.74296875 0.8328125 0.01640625 0.06953125
2 0.465625 0.8359375 0.02109375 0.07578125
2 0.61953125 0.83359375 0.02734375 0.071875
5 0.7734375 0.82890625 0.0234375 0.046875
2 0.69609375 0.8328125 0.02265625 0.06640625
6 0.92734375 0.8234375 0.0234375 0.0625
8 0.509375 0.828125 0.02890625 0.0828125
9 0.8828125 0.8265625 0.02265625 0.06015625
8 0.959375 0.821875 0.0265625 0.05859375