0 0.56328125 0.84375 0.01171875 0.03046875
0 0.765625 0.8453125 0.009375 0.02265625
0 0.79296875 0.84453125 0.009375 0.02421875
5 0.8203125 0.83671875 0.01875 0.0359375
3 0.58984375 0.8375 0.025 0.0640625
1 0.63046875 0.8390625 0.015625 0.05859375
1 0.8609375 0.8390625 0.015625 0.0546875
5 0.725 0.83671875 0.01875 0.03984375
1 0.69765625 0.8390625 0.0140625 0.0546875
3 0.525 0.83515625 0.0234375 0.0625
5 0.8890625 0.8375 0.01875 0.04140625
2 0.459375 0.83515625 0.01640625 0.0625
1 0.65703125 0.83984375 0.0140625 0.06015625
8 0.49609375 0.8359375 0.02109375 0.0640625