0 0.5734375 0.8484375 0.0140625 0.03203125
0 0.803125 0.8578125 0.015625 0.03203125
1 0.7265625 0.846875 0.01640625 0.06796875
1 0.94140625 0.85390625 0.01640625 0.05859375
3 0.90859375 0.85 0.025 0.06640625
5 0.8640625 0.85 0.0234375 0.046875
0 0.6796875 0.853125 0.01171875 0.03046875
1 0.83359375 0.8515625 0.01875 0.06640625
5 0.75625 0.846875 0.0234375 0.04140625
2 0.45625 0.840625 0.01875 0.06640625
9 0.60390625 0.8375 0.01796875 0.06796875
2 0.64921875 0.84375 0.0203125 0.06796875
8 0.49921875 0.840625 0.02265625 0.06953125
2 0.53046875 0.83984375 0.0203125 0.0640625