0 0.85390625 0.83359375 0.01640625 0.03359375
0 0.82265625 0.83515625 0.0140625 0.0359375
7 0.9609375 0.82265625 0.02890625 0.06796875
0 0.59140625 0.84140625 0.01171875 0.03359375
1 0.6671875 0.83359375 0.01796875 0.0640625
5 0.7765625 0.828125 0.025 0.0453125
1 0.74609375 0.83125 0.01875 0.06640625
2 0.46953125 0.83359375 0.02265625 0.05625
6 0.88359375 0.8234375 0.02734375 0.0625
2 0.7 0.8328125 0.0265625 0.0625
5 0.5140625 0.83359375 0.0265625 0.0453125
7 0.92890625 0.82578125 0.02734375 0.06640625
4 0.54609375 0.8328125 0.01796875 0.06640625
2 0.62265625 0.83359375 0.0234375 0.06796875