0 0.8515625 0.84140625 0.0140625 0.0265625
0 0.590625 0.84609375 0.01171875 0.03203125
4 0.62109375 0.840625 0.01640625 0.06640625
6 0.95546875 0.83125 0.02265625 0.05859375
0 0.81875 0.840625 0.01171875 0.028125
5 0.92421875 0.83203125 0.0203125 0.04140625
1 0.74375 0.83984375 0.01640625 0.06015625
5 0.5140625 0.83984375 0.02265625 0.04140625
4 0.54453125 0.83984375 0.015625 0.0640625
1 0.66796875 0.8359375 0.01640625 0.06015625
5 0.7734375 0.8359375 0.02109375 0.04140625
2 0.46875 0.840625 0.0203125 0.0546875
1 0.6984375 0.83671875 0.01796875 0.0625
2 0.88046875 0.83125 0.0203125 0.05859375