0 0.5734375 0.8484375 0.01328125 0.03203125
0 0.80625 0.85859375 0.0140625 0.03046875
1 0.72890625 0.85078125 0.01640625 0.0640625
3 0.94609375 0.8546875 0.0234375 0.06015625
1 0.60390625 0.84140625 0.015625 0.0640625
1 0.8375 0.85390625 0.015625 0.05859375
2 0.4515625 0.8359375 0.02265625 0.06796875
2 0.64921875 0.8453125 0.02265625 0.06796875
7 0.49609375 0.83515625 0.02734375 0.0734375
6 0.8671875 0.8515625 0.025 0.0625
7 0.528125 0.8375 0.025 0.071875
5 0.75859375 0.8484375 0.02265625 0.04375
3 0.6828125 0.84375 0.025 0.06015625
7 0.915625 0.85546875 0.02890625 0.0625