6 0.9203125 0.82265625 0.02109375 0.05625
4 0.875 0.82734375 0.01640625 0.05859375
0 0.8453125 0.83359375 0.0140625 0.0265625
0 0.590625 0.83671875 0.01171875 0.02421875
1 0.9484375 0.82265625 0.015625 0.053125
0 0.81640625 0.83359375 0.01328125 0.0265625
4 0.696875 0.828125 0.015625 0.06015625
5 0.771875 0.8265625 0.0203125 0.0375
1 0.74140625 0.828125 0.01875 0.06015625
2 0.621875 0.82890625 0.0203125 0.05859375
1 0.66640625 0.828125 0.0140625 0.06015625
2 0.4703125 0.83125 0.01875 0.0625
8 0.51640625 0.82890625 0.025 0.05859375
6 0.5453125 0.828125 0.02109375 0.06015625