0 0.84609375 0.84609375 0.01796875 0.03203125
0 0.81640625 0.84609375 0.0140625 0.028125
1 0.74140625 0.8390625 0.0140625 0.06640625
0 0.696875 0.84375 0.01328125 0.03046875
1 0.59140625 0.8375 0.0140625 0.06015625
5 0.77109375 0.83671875 0.025 0.04375
1 0.6671875 0.8375 0.01328125 0.06015625
3 0.95234375 0.840625 0.02890625 0.05859375
1 0.92109375 0.84140625 0.01875 0.06015625
2 0.621875 0.83671875 0.0203125 0.05859375
5 0.51640625 0.83515625 0.01875 0.0359375
2 0.87734375 0.83984375 0.0265625 0.05625
2 0.47265625 0.8328125 0.01875 0.0546875
3 0.54765625 0.8328125 0.0234375 0.0546875