0 0.88125 0.81875 0.01796875 0.0265625
0 0.85078125 0.81875 0.01796875 0.0265625
0 0.58671875 0.82734375 0.01640625 0.0359375
0 0.81953125 0.81875 0.01328125 0.02265625
5 0.77109375 0.81328125 0.0234375 0.04140625
1 0.73984375 0.81640625 0.01796875 0.06640625
2 0.69453125 0.8171875 0.02265625 0.0640625
2 0.66328125 0.81796875 0.0234375 0.06640625
2 0.9609375 0.8078125 0.01875 0.06015625
4 0.9296875 0.809375 0.01640625 0.06015625
8 0.5109375 0.82265625 0.025 0.06796875
2 0.4671875 0.82578125 0.0203125 0.06953125
2 0.61875 0.82109375 0.025 0.06796875
3 0.5421875 0.82109375 0.02734375 0.0640625