0 0.78125 0.828125 0.01640625 0.03046875
0 0.53125 0.83515625 0.01328125 0.03984375
0 0.64375 0.8328125 0.01640625 0.0359375
1 0.6109375 0.82734375 0.01875 0.06953125
1 0.69453125 0.82578125 0.0203125 0.06953125
3 0.940625 0.81328125 0.02890625 0.071875
5 0.8515625 0.81796875 0.0265625 0.04375
5 0.72890625 0.82109375 0.0234375 0.0453125
3 0.8140625 0.81796875 0.02890625 0.06953125
2 0.4109375 0.8328125 0.02109375 0.0734375
2 0.90625 0.8140625 0.0265625 0.06953125
2 0.48515625 0.83046875 0.02265625 0.06796875
8 0.453125 0.83046875 0.02265625 0.07578125
2 0.5640625 0.82734375 0.02265625 0.06953125