0 0.59453125 0.82578125 0.01328125 0.028125
1 0.62421875 0.82109375 0.015625 0.0640625
0 0.8203125 0.8265625 0.01171875 0.0265625
1 0.88046875 0.81953125 0.015625 0.05859375
1 0.74375 0.81875 0.0140625 0.06796875
5 0.77421875 0.81875 0.0203125 0.04140625
2 0.47578125 0.821875 0.02265625 0.06953125
2 0.95625 0.81796875 0.02109375 0.0625
3 0.55078125 0.81640625 0.02265625 0.0625
8 0.51875 0.81484375 0.0265625 0.0640625
7 0.69921875 0.8171875 0.02734375 0.0640625
5 0.9265625 0.81875 0.02265625 0.04140625
2 0.66875 0.81796875 0.02109375 0.0625
0 0.8515625 0.82578125 0.015625 0.02578125