0 0.5984375 0.83515625 0.0203125 0.03203125
0 0.82578125 0.83125 0.01796875 0.0359375
0 0.67578125 0.83359375 0.0203125 0.03359375
0 0.85546875 0.83125 0.01796875 0.03203125
4 0.70703125 0.82890625 0.02109375 0.0625
1 0.7515625 0.828125 0.01796875 0.06796875
5 0.78125 0.82421875 0.02734375 0.04921875
2 0.47890625 0.82890625 0.02109375 0.0734375
4 0.93125 0.82421875 0.02109375 0.06015625
9 0.9609375 0.81796875 0.0234375 0.0625
8 0.63125 0.82578125 0.03125 0.0625
7 0.8859375 0.821875 0.0296875 0.06640625
8 0.52265625 0.82578125 0.02890625 0.06640625
2 0.55546875 0.8265625 0.025 0.06796875