0 0.82890625 0.8375 0.01328125 0.0265625
1 0.628125 0.83359375 0.01796875 0.0640625
0 0.5984375 0.8421875 0.01328125 0.03203125
1 0.75 0.8359375 0.01640625 0.0640625
2 0.478125 0.8390625 0.0203125 0.06953125
8 0.9359375 0.8265625 0.02265625 0.0640625
3 0.70390625 0.8328125 0.025 0.0625
5 0.78125 0.83125 0.02109375 0.04375
5 0.890625 0.82734375 0.02109375 0.046875
7 0.96640625 0.82578125 0.02109375 0.06640625
2 0.85859375 0.82734375 0.0203125 0.05859375
8 0.52109375 0.83671875 0.0234375 0.0734375
2 0.553125 0.83515625 0.01796875 0.06640625