0 0.93828125 0.853125 0.0140625 0.0265625
0 0.66171875 0.84921875 0.0140625 0.03046875
0 0.58046875 0.85078125 0.01796875 0.03359375
1 0.825 0.8484375 0.02109375 0.0625
1 0.61328125 0.84375 0.01875 0.06015625
5 0.77578125 0.84453125 0.025 0.04375
5 0.9703125 0.8453125 0.0234375 0.04140625
1 0.74296875 0.8453125 0.01640625 0.0640625
1 0.890625 0.8453125 0.01640625 0.053125
1 0.69453125 0.84375 0.01796875 0.06015625
5 0.8578125 0.84453125 0.02265625 0.04375
2 0.45234375 0.84375 0.02109375 0.06796875
3 0.53203125 0.840625 0.0265625 0.06640625
8 0.4984375 0.83984375 0.0265625 0.0640625