0 0.871875 0.83671875 0.01328125 0.02421875
0 0.8390625 0.8390625 0.01171875 0.02421875
3 0.9859375 0.82578125 0.0234375 0.05859375
5 0.9046875 0.828125 0.0234375 0.04140625
0 0.59375 0.84375 0.01328125 0.03046875
3 0.54453125 0.8328125 0.025 0.0625
2 0.4640625 0.83515625 0.01875 0.06640625
5 0.7890625 0.83125 0.02265625 0.03984375
4 0.95390625 0.8265625 0.01640625 0.05625
1 0.75625 0.83359375 0.01640625 0.06015625
5 0.7078125 0.83125 0.02265625 0.03984375
2 0.6734375 0.83359375 0.02109375 0.0640625
8 0.51171875 0.83359375 0.0234375 0.06796875
2 0.62578125 0.83515625 0.02265625 0.06640625