0 0.7984375 0.87109375 0.0140625 0.028125
5 0.7515625 0.86640625 0.02109375 0.0453125
0 0.56640625 0.88515625 0.0109375 0.03046875
5 0.90859375 0.8546875 0.0234375 0.04140625
2 0.44375 0.8875 0.0203125 0.06640625
1 0.8296875 0.859375 0.01640625 0.05859375
2 0.51953125 0.88125 0.0203125 0.0640625
1 0.86015625 0.86015625 0.015625 0.06015625
1 0.64296875 0.871875 0.0140625 0.0640625
1 0.67421875 0.87109375 0.015625 0.0625
8 0.48828125 0.88515625 0.0234375 0.0640625
3 0.9390625 0.85 0.02734375 0.0734375
5 0.596875 0.87578125 0.0203125 0.04140625
1 0.7203125 0.86953125 0.0140625 0.0640625