0 0.6625 0.853125 0.01796875 0.03046875
0 0.81953125 0.85 0.01796875 0.03203125
0 0.58359375 0.853125 0.0203125 0.03359375
1 0.96171875 0.84375 0.01640625 0.0640625
2 0.45703125 0.84609375 0.0234375 0.0625
1 0.61640625 0.8453125 0.02265625 0.06796875
1 0.7421875 0.846875 0.02265625 0.07578125
8 0.6953125 0.8421875 0.03125 0.05859375
8 0.92890625 0.84140625 0.03125 0.0640625
7 0.5015625 0.840625 0.0296875 0.07734375
7 0.5359375 0.8421875 0.02734375 0.0734375
2 0.88359375 0.84609375 0.02265625 0.06953125
2 0.775 0.84609375 0.0265625 0.0734375
5 0.8515625 0.8421875 0.025 0.046875