0 0.81640625 0.8375 0.01328125 0.0265625
0 0.5828125 0.83203125 0.01328125 0.03046875
4 0.9234375 0.83203125 0.015625 0.05625
1 0.84609375 0.83203125 0.015625 0.06015625
5 0.76875 0.828125 0.025 0.04140625
1 0.73671875 0.83046875 0.0140625 0.06796875
1 0.66015625 0.82734375 0.015625 0.0625
7 0.69140625 0.82421875 0.025 0.06796875
2 0.4609375 0.82265625 0.01796875 0.06796875
7 0.8765625 0.828125 0.02734375 0.06796875
2 0.53828125 0.8234375 0.01875 0.06640625
7 0.95390625 0.83515625 0.02109375 0.0625
8 0.50625 0.8234375 0.0234375 0.06640625
8 0.6140625 0.82265625 0.0265625 0.05625