0 0.8296875 0.81953125 0.01640625 0.028125
0 0.675 0.82109375 0.0140625 0.0375
0 0.5984375 0.82109375 0.015625 0.0375
1 0.70546875 0.8140625 0.015625 0.06953125
1 0.75234375 0.81484375 0.01875 0.071875
3 0.96796875 0.8125 0.0265625 0.06640625
5 0.7828125 0.8125 0.025 0.04375
2 0.4765625 0.81640625 0.01875 0.07734375
8 0.89140625 0.809375 0.025 0.053125
1 0.628125 0.81015625 0.01796875 0.0734375
3 0.9359375 0.81328125 0.02734375 0.06015625
8 0.52109375 0.8125 0.02734375 0.0734375
7 0.85859375 0.8109375 0.025 0.06796875
2 0.553125 0.8140625 0.0203125 0.06953125