0 0.8140625 0.83359375 0.015625 0.03359375
0 0.65390625 0.8328125 0.01796875 0.03203125
7 0.9546875 0.82578125 0.0265625 0.06640625
1 0.57578125 0.82890625 0.0203125 0.0734375
5 0.8765625 0.8265625 0.0234375 0.04140625
1 0.84453125 0.82734375 0.01796875 0.06640625
4 0.68671875 0.8265625 0.02109375 0.06015625
5 0.765625 0.82421875 0.0265625 0.053125
1 0.73359375 0.82734375 0.0203125 0.06640625
7 0.92109375 0.8265625 0.02734375 0.071875
2 0.453125 0.82734375 0.02265625 0.06953125
7 0.49609375 0.82421875 0.03125 0.06796875
6 0.52890625 0.82421875 0.0234375 0.06796875
2 0.609375 0.82421875 0.02890625 0.06796875