0 0.8109375 0.84375 0.01875 0.03359375
0 0.65859375 0.846875 0.0203125 0.0375
0 0.84140625 0.8453125 0.01875 0.0375
0 0.58359375 0.85078125 0.01875 0.04140625
6 0.94921875 0.83125 0.02734375 0.06640625
3 0.540625 0.8453125 0.02890625 0.071875
2 0.4640625 0.84453125 0.0265625 0.07734375
5 0.76640625 0.8359375 0.0296875 0.05625
3 0.6140625 0.84375 0.03125 0.07578125
4 0.690625 0.84140625 0.0234375 0.06796875
1 0.734375 0.84140625 0.0234375 0.07890625
8 0.50625 0.840625 0.03125 0.0734375
7 0.871875 0.83359375 0.0296875 0.071875
7 0.9171875 0.8328125 0.02734375 0.0625