0 0.9140625 0.7859375 0.0234375 0.03203125
0 0.87578125 0.78671875 0.025 0.03359375
0 0.8375 0.78984375 0.0203125 0.03203125
4 0.9734375 0.77421875 0.025 0.05859375
0 0.59765625 0.7984375 0.01640625 0.0375
1 0.6515625 0.78984375 0.02265625 0.07734375
5 0.78125 0.78125 0.0265625 0.04921875
1 0.74375 0.78671875 0.02734375 0.07890625
1 0.56328125 0.7921875 0.02109375 0.0828125
3 0.6890625 0.7875 0.034375 0.08125
6 0.5109375 0.7921875 0.0265625 0.06796875
2 0.43125 0.79921875 0.0234375 0.06953125
7 0.4765625 0.79375 0.03203125 0.06640625