0 0.6640625 0.8578125 0.01171875 0.028125
0 0.58984375 0.859375 0.01328125 0.03203125
0 0.81640625 0.85859375 0.0140625 0.0265625
1 0.7390625 0.85390625 0.015625 0.06640625
1 0.61953125 0.8515625 0.01796875 0.0625
5 0.7703125 0.8484375 0.0234375 0.04375
1 0.8453125 0.85 0.01640625 0.0625
3 0.69375 0.85 0.0234375 0.0625
2 0.4703125 0.8546875 0.0234375 0.071875
2 0.9515625 0.846875 0.02109375 0.06015625
9 0.9203125 0.84609375 0.0234375 0.0625
7 0.5125 0.84921875 0.02734375 0.07890625
7 0.875 0.846875 0.0265625 0.06796875
7 0.54375 0.85078125 0.02265625 0.07578125