0 0.8234375 0.8546875 0.0140625 0.0375
0 0.6265625 0.859375 0.015625 0.03203125
1 0.85390625 0.84609375 0.01640625 0.07734375
1 0.59609375 0.85390625 0.01640625 0.06640625
1 0.746875 0.853125 0.01796875 0.071875
1 0.88515625 0.8421875 0.01796875 0.06953125
5 0.778125 0.8484375 0.025 0.046875
1 0.671875 0.85078125 0.015625 0.06796875
8 0.9609375 0.8421875 0.025 0.06953125
3 0.7015625 0.8484375 0.025 0.0734375
2 0.5515625 0.85390625 0.0203125 0.0625
8 0.5203125 0.85078125 0.02890625 0.06796875
8 0.92890625 0.8453125 0.0265625 0.07578125
2 0.4765625 0.85625 0.0203125 0.06796875