0 0.73828125 0.8453125 0.01640625 0.03359375
0 0.5859375 0.8390625 0.015625 0.0359375
0 0.6625 0.8421875 0.015625 0.0359375
2 0.81328125 0.8375 0.02109375 0.0640625
1 0.61640625 0.83046875 0.01875 0.07578125
8 0.5109375 0.8265625 0.025 0.07578125
2 0.46640625 0.8265625 0.02109375 0.07578125
1 0.6921875 0.8328125 0.01796875 0.06640625
6 0.91875 0.83984375 0.025 0.0640625
2 0.8765625 0.83984375 0.02109375 0.0640625
2 0.76875 0.83671875 0.02265625 0.0734375
2 0.5421875 0.828125 0.0203125 0.0640625
2 0.95078125 0.84140625 0.0203125 0.05625
3 0.84453125 0.8375 0.02265625 0.06796875