0 0.5875 0.84453125 0.01796875 0.05078125
0 0.83671875 0.84140625 0.01640625 0.03046875
0 0.87109375 0.84140625 0.01796875 0.03359375
1 0.9859375 0.83125 0.01796875 0.0546875
1 0.7046875 0.8359375 0.02109375 0.07578125
1 0.75390625 0.83671875 0.02265625 0.07734375
5 0.78671875 0.83515625 0.0265625 0.046875
5 0.50703125 0.83359375 0.02890625 0.04921875
2 0.46015625 0.8359375 0.02734375 0.0640625
6 0.90390625 0.83125 0.02890625 0.0625
6 0.9515625 0.83125 0.0265625 0.0625
3 0.54140625 0.8359375 0.03125 0.07578125
2 0.67109375 0.8328125 0.03125 0.06953125
8 0.62265625 0.83203125 0.03125 0.071875