0 0.8609375 0.8390625 0.01640625 0.028125
0 0.82890625 0.8390625 0.015625 0.03203125
0 0.62890625 0.84375 0.0140625 0.03046875
1 0.890625 0.83046875 0.01875 0.06015625
1 0.7515625 0.83671875 0.0203125 0.0625
5 0.7828125 0.8328125 0.025 0.03984375
1 0.59765625 0.84140625 0.01640625 0.05625
6 0.96328125 0.82578125 0.0265625 0.05859375
1 0.67421875 0.83515625 0.015625 0.0625
9 0.70625 0.8328125 0.02109375 0.05859375
2 0.47421875 0.840625 0.0203125 0.05859375
5 0.51953125 0.840625 0.0203125 0.03984375
7 0.9328125 0.82734375 0.02734375 0.05859375
3 0.5515625 0.83984375 0.0234375 0.05625