0 0.66328125 0.8375 0.0140625 0.03359375
0 0.6171875 0.83671875 0.015625 0.03203125
0 0.81171875 0.83984375 0.0140625 0.0265625
1 0.73828125 0.83515625 0.01875 0.0625
0 0.8421875 0.83984375 0.015625 0.03046875
3 0.69375 0.83046875 0.0265625 0.06015625
5 0.76796875 0.83203125 0.0234375 0.0375
1 0.5875 0.83125 0.01796875 0.06953125
2 0.9484375 0.83203125 0.025 0.05625
3 0.87265625 0.83203125 0.0265625 0.05625
3 0.91796875 0.83125 0.0265625 0.05859375
7 0.51171875 0.82578125 0.02890625 0.06640625
2 0.46875 0.8265625 0.0234375 0.06796875
6 0.5421875 0.8265625 0.02265625 0.0640625