0 0.96953125 0.82109375 0.0203125 0.03359375
0 0.86171875 0.821875 0.01875 0.03203125
0 0.89375 0.8234375 0.01796875 0.03203125
9 0.99453125 0.809375 0.0109375 0.05625
0 0.621875 0.82578125 0.015625 0.03203125
5 0.81640625 0.8171875 0.02890625 0.0453125
1 0.70390625 0.81953125 0.01875 0.06640625
1 0.78359375 0.81953125 0.02265625 0.06953125
7 0.92421875 0.8140625 0.0296875 0.06953125
2 0.4921875 0.81875 0.02265625 0.071875
3 0.7359375 0.81796875 0.0296875 0.06953125
8 0.65546875 0.8171875 0.03203125 0.06015625
3 0.57421875 0.81484375 0.0296875 0.0640625
5 0.540625 0.8140625 0.0265625 0.046875