0 0.846875 0.853125 0.01796875 0.03046875
0 0.5828125 0.84921875 0.01796875 0.0375
0 0.815625 0.85078125 0.01875 0.03046875
2 0.45859375 0.8390625 0.025 0.06640625
5 0.76875 0.84375 0.02890625 0.04921875
4 0.6140625 0.840625 0.0203125 0.06640625
1 0.7375 0.8453125 0.02265625 0.071875
2 0.659375 0.840625 0.0234375 0.06953125
2 0.953125 0.84140625 0.02265625 0.05625
6 0.92109375 0.8421875 0.02890625 0.0625
3 0.5375 0.8375 0.02734375 0.06875
8 0.50390625 0.83671875 0.02890625 0.06640625
3 0.87890625 0.846875 0.02890625 0.0640625
8 0.6921875 0.83671875 0.0296875 0.0625