0 0.6546875 0.83671875 0.01171875 0.03203125
0 0.8078125 0.84140625 0.01328125 0.03046875
0 0.86875 0.84375 0.01171875 0.0265625
1 0.83828125 0.83515625 0.01640625 0.0625
1 0.609375 0.82890625 0.01875 0.05859375
1 0.7296875 0.83515625 0.01640625 0.0625
3 0.68515625 0.83203125 0.025 0.06015625
5 0.7609375 0.8328125 0.02109375 0.04375
1 0.57890625 0.83046875 0.01875 0.0640625
2 0.45859375 0.8265625 0.02265625 0.0640625
6 0.5328125 0.82421875 0.02265625 0.0640625
7 0.5015625 0.82421875 0.02734375 0.0640625
3 0.94609375 0.8359375 0.0234375 0.0640625
3 0.91640625 0.83671875 0.02265625 0.05859375