0 0.82890625 0.82109375 0.01171875 0.0265625
1 0.859375 0.81328125 0.01875 0.053125
4 0.9359375 0.80859375 0.01796875 0.0546875
8 0.96953125 0.80859375 0.0296875 0.0546875
0 0.5921875 0.82578125 0.0109375 0.028125
5 0.70234375 0.8140625 0.02109375 0.0359375
0 0.6703125 0.82265625 0.01171875 0.0265625
1 0.7484375 0.81640625 0.01640625 0.05859375
2 0.46953125 0.821875 0.0203125 0.0625
5 0.78046875 0.8140625 0.0203125 0.0359375
5 0.6234375 0.81640625 0.0203125 0.03984375
8 0.51484375 0.8171875 0.02265625 0.06015625
3 0.54609375 0.81640625 0.02265625 0.0625