0 0.57734375 0.81640625 0.01171875 0.028125
0 0.82265625 0.8140625 0.01171875 0.028125
1 0.6109375 0.80859375 0.01640625 0.0625
1 0.740625 0.81015625 0.01640625 0.05859375
1 0.65859375 0.809375 0.015625 0.0640625
9 0.88671875 0.8046875 0.01875 0.05859375
5 0.7734375 0.80625 0.02265625 0.03984375
2 0.528125 0.809375 0.0203125 0.0640625
2 0.446875 0.8109375 0.0203125 0.071875
8 0.96875 0.80390625 0.02265625 0.06015625
8 0.9359375 0.8046875 0.025 0.0625
8 0.49296875 0.809375 0.0265625 0.071875
2 0.8546875 0.80546875 0.01875 0.06015625
6 0.69140625 0.8078125 0.0203125 0.06015625