0 0.8515625 0.82109375 0.0234375 0.03359375
0 0.5453125 0.81875 0.0265625 0.053125
0 0.8140625 0.82109375 0.02109375 0.03046875
0 0.634375 0.81796875 0.0234375 0.046875
3 0.97890625 0.8125 0.03125 0.06640625
6 0.66953125 0.809375 0.03671875 0.0640625
5 0.7609375 0.8125 0.03125 0.046875
2 0.409375 0.8140625 0.0265625 0.06953125
2 0.94296875 0.8109375 0.0359375 0.06796875
1 0.72421875 0.81484375 0.025 0.071875
9 0.58359375 0.809375 0.03125 0.06796875
2 0.88984375 0.8125 0.03203125 0.06953125
7 0.459375 0.81015625 0.03359375 0.06953125
6 0.49375 0.8109375 0.02734375 0.071875