0 0.8515625 0.83671875 0.01328125 0.02421875
0 0.6234375 0.83203125 0.015625 0.03046875
0 0.82265625 0.83515625 0.0140625 0.028125
0 0.66875 0.83203125 0.01875 0.03046875
4 0.95625 0.83125 0.015625 0.0546875
5 0.7765625 0.8265625 0.025 0.04140625
2 0.54921875 0.82265625 0.0203125 0.0640625
2 0.471875 0.821875 0.0203125 0.06640625
1 0.5953125 0.82421875 0.01640625 0.0640625
8 0.70078125 0.821875 0.0296875 0.0546875
2 0.92734375 0.83046875 0.02109375 0.05625
1 0.746875 0.82890625 0.01796875 0.06640625
9 0.88359375 0.82734375 0.02109375 0.05859375
8 0.51640625 0.81796875 0.0265625 0.0625