0 0.8140625 0.853125 0.015625 0.03046875
1 0.8765625 0.8453125 0.02109375 0.0640625
1 0.84453125 0.846875 0.0203125 0.06015625
2 0.45859375 0.840625 0.01875 0.05078125
0 0.58125 0.85078125 0.009375 0.0265625
5 0.95234375 0.846875 0.02109375 0.0453125
6 0.76640625 0.84609375 0.0265625 0.0625
5 0.50390625 0.84140625 0.0203125 0.0375
8 0.9203125 0.84609375 0.0265625 0.05859375
2 0.65859375 0.8421875 0.02109375 0.0546875
1 0.7359375 0.8453125 0.01640625 0.05625
8 0.68984375 0.8421875 0.025 0.0546875
5 0.61171875 0.84375 0.02109375 0.0375
4 0.53515625 0.84375 0.01328125 0.053125