0 0.64765625 0.871875 0.02109375 0.0453125
0 0.5734375 0.8671875 0.02265625 0.03984375
1 0.603125 0.8609375 0.02265625 0.0734375
0 0.803125 0.88203125 0.0203125 0.046875
0 0.83359375 0.8828125 0.025 0.0453125
2 0.45625 0.85625 0.0265625 0.071875
8 0.67890625 0.86640625 0.034375 0.0640625
8 0.4984375 0.85390625 0.0296875 0.06953125
2 0.53125 0.8546875 0.02890625 0.06796875
5 0.75625 0.86953125 0.0296875 0.053125
1 0.725 0.87265625 0.0234375 0.06953125
1 0.94609375 0.88125 0.02265625 0.071875
7 0.9125 0.87578125 0.03671875 0.06796875
7 0.86640625 0.87578125 0.03359375 0.071875