0 0.84609375 0.83515625 0.015625 0.03203125
0 0.8140625 0.83515625 0.01328125 0.028125
0 0.57890625 0.83515625 0.015625 0.0359375
2 0.45703125 0.83046875 0.02109375 0.0640625
1 0.7359375 0.83046875 0.01875 0.06015625
5 0.68828125 0.8265625 0.0234375 0.04921875
1 0.609375 0.828125 0.01875 0.071875
5 0.76640625 0.8265625 0.02109375 0.04140625
7 0.5 0.8265625 0.02890625 0.07890625
1 0.65625 0.82578125 0.01796875 0.0734375
5 0.95625 0.82421875 0.02265625 0.04140625
2 0.92421875 0.8265625 0.02265625 0.06015625
6 0.878125 0.82578125 0.025 0.05859375
7 0.53359375 0.82734375 0.0265625 0.0734375