0 0.58828125 0.846875 0.01171875 0.03046875
0 0.8171875 0.8390625 0.01328125 0.02421875
4 0.921875 0.828125 0.0203125 0.05625
1 0.84609375 0.828125 0.015625 0.05625
1 0.7390625 0.83515625 0.0140625 0.0734375
5 0.76953125 0.8328125 0.02265625 0.03984375
1 0.6640625 0.83671875 0.015625 0.05859375
4 0.61953125 0.83984375 0.01796875 0.06015625
3 0.54375 0.840625 0.02265625 0.06640625
7 0.8765625 0.82578125 0.0265625 0.06640625
6 0.953125 0.8234375 0.02734375 0.05859375
7 0.69375 0.83203125 0.0265625 0.071875
2 0.46875 0.8453125 0.01875 0.06796875
8 0.5125 0.8421875 0.025 0.06953125