0 0.6109375 0.8609375 0.01171875 0.03203125
0 0.684375 0.85390625 0.01171875 0.028125
0 0.83203125 0.840625 0.01171875 0.03203125
1 0.63984375 0.85078125 0.015625 0.06015625
1 0.86171875 0.82890625 0.0140625 0.05859375
1 0.7578125 0.84140625 0.015625 0.06796875
2 0.49140625 0.8671875 0.0203125 0.06640625
7 0.53359375 0.86328125 0.02890625 0.0734375
5 0.7875 0.8359375 0.0203125 0.0453125
8 0.71328125 0.840625 0.0265625 0.05859375
9 0.96171875 0.81796875 0.01640625 0.0546875
7 0.565625 0.859375 0.0234375 0.06953125
2 0.9328125 0.8234375 0.0203125 0.0625
6 0.88984375 0.82578125 0.0203125 0.05859375