0 0.81328125 0.8390625 0.0140625 0.028125
0 0.8453125 0.8375 0.01640625 0.03046875
0 0.565625 0.83671875 0.0140625 0.0359375
5 0.92578125 0.83046875 0.025 0.0375
1 0.87890625 0.83125 0.01640625 0.05859375
5 0.76328125 0.83046875 0.02890625 0.0453125
2 0.4359375 0.83046875 0.02109375 0.071875
9 0.959375 0.82890625 0.0234375 0.06640625
3 0.5984375 0.83046875 0.0296875 0.0640625
1 0.72890625 0.8328125 0.0203125 0.06953125
8 0.68125 0.82734375 0.0296875 0.05859375
2 0.5171875 0.82890625 0.02265625 0.06953125
8 0.48359375 0.82734375 0.02890625 0.0734375
2 0.646875 0.83125 0.02734375 0.06953125