0 0.84921875 0.8484375 0.01796875 0.028125
0 0.5890625 0.84609375 0.015625 0.03203125
0 0.81953125 0.84921875 0.015625 0.0265625
0 0.66640625 0.84609375 0.015625 0.03203125
1 0.6203125 0.83984375 0.01875 0.0640625
8 0.88046875 0.83984375 0.02734375 0.04921875
7 0.95625 0.84140625 0.0234375 0.06015625
5 0.7734375 0.840625 0.025 0.04375
1 0.7421875 0.8421875 0.0203125 0.06640625
7 0.92578125 0.8421875 0.025 0.06640625
6 0.69609375 0.83671875 0.02265625 0.06640625
3 0.54296875 0.83515625 0.0234375 0.0625
2 0.46640625 0.8375 0.0203125 0.071875
8 0.5109375 0.83671875 0.0234375 0.06953125