0 0.84609375 0.821875 0.01328125 0.03203125
0 0.60703125 0.82734375 0.01640625 0.0359375
4 0.8734375 0.8171875 0.01640625 0.06015625
1 0.6890625 0.81875 0.015625 0.07578125
2 0.7984375 0.81640625 0.02109375 0.06640625
4 0.971875 0.81484375 0.0203125 0.06015625
4 0.94375 0.81328125 0.01796875 0.0640625
3 0.64140625 0.81953125 0.03125 0.07734375
2 0.47109375 0.82265625 0.0234375 0.07578125
1 0.76640625 0.8140625 0.01796875 0.06953125
8 0.521875 0.81796875 0.03203125 0.0734375
3 0.5578125 0.82109375 0.0296875 0.07578125
6 0.90234375 0.8125 0.02109375 0.06640625
9 0.72109375 0.8125 0.0203125 0.06953125