0 0.8015625 0.85 0.01640625 0.0359375
0 0.6390625 0.84921875 0.0140625 0.04140625
0 0.55859375 0.846875 0.01796875 0.0375
1 0.94609375 0.8453125 0.01875 0.071875
1 0.83359375 0.840625 0.01875 0.06953125
1 0.86484375 0.84140625 0.015625 0.06015625
4 0.59140625 0.84375 0.02109375 0.06796875
5 0.75234375 0.840625 0.0265625 0.046875
2 0.4328125 0.8390625 0.0203125 0.06953125
1 0.71875 0.8421875 0.0203125 0.0734375
3 0.51171875 0.8375 0.0265625 0.06796875
6 0.66953125 0.8390625 0.025 0.06953125
2 0.9140625 0.84375 0.02109375 0.06796875
8 0.47890625 0.8375 0.0234375 0.071875