0 0.80390625 0.8421875 0.015625 0.0359375
1 0.8359375 0.8359375 0.01875 0.0640625
0 0.64609375 0.840625 0.0140625 0.03203125
8 0.86796875 0.83671875 0.0234375 0.06640625
0 0.5703125 0.84140625 0.01171875 0.03046875
1 0.72421875 0.8390625 0.01796875 0.0625
5 0.75546875 0.83515625 0.02265625 0.03984375
5 0.946875 0.8390625 0.02265625 0.04375
9 0.67734375 0.83359375 0.01875 0.06015625
2 0.44921875 0.83203125 0.01796875 0.0640625
8 0.49296875 0.8328125 0.0234375 0.0625
4 0.91640625 0.8390625 0.01796875 0.06640625
2 0.525 0.83515625 0.01875 0.06640625
2 0.6015625 0.83359375 0.01875 0.0640625