0 0.8359375 0.853125 0.01328125 0.0265625
0 0.86640625 0.8546875 0.01328125 0.02265625
0 0.80625 0.85 0.01328125 0.02421875
0 0.57890625 0.840625 0.01171875 0.028125
0 0.684375 0.8453125 0.01171875 0.03046875
1 0.73125 0.840625 0.01640625 0.05859375
5 0.7609375 0.84140625 0.02109375 0.04140625
1 0.94375 0.8484375 0.0140625 0.0546875
1 0.60859375 0.83671875 0.01640625 0.05859375
5 0.5015625 0.83125 0.02109375 0.03984375
5 0.9140625 0.846875 0.02109375 0.04140625
2 0.45703125 0.82734375 0.01875 0.0546875
4 0.53125 0.8328125 0.015625 0.0625
2 0.65390625 0.8375 0.0203125 0.06015625