0 0.58671875 0.853125 0.0140625 0.03359375
8 0.9515625 0.8375 0.0265625 0.05625
1 0.92109375 0.8375 0.01796875 0.05625
0 0.81484375 0.8453125 0.015625 0.03359375
1 0.66328125 0.8421875 0.01640625 0.06640625
1 0.8765625 0.840625 0.01875 0.0546875
1 0.6171875 0.84453125 0.0203125 0.06640625
5 0.76875 0.8390625 0.025 0.046875
1 0.73828125 0.8453125 0.01875 0.06796875
2 0.8453125 0.840625 0.02109375 0.0625
8 0.6921875 0.83984375 0.02734375 0.06796875
2 0.46640625 0.84609375 0.02109375 0.06953125
7 0.509375 0.84375 0.0265625 0.07578125
7 0.54140625 0.8421875 0.025 0.0734375