0 0.59140625 0.840625 0.02109375 0.03984375
0 0.8203125 0.8390625 0.0140625 0.028125
1 0.66796875 0.8328125 0.0234375 0.06953125
3 0.5484375 0.83359375 0.02890625 0.06796875
1 0.7421875 0.83046875 0.01796875 0.06796875
2 0.4734375 0.83359375 0.0296875 0.071875
2 0.69921875 0.8328125 0.02734375 0.06640625
2 0.6234375 0.83515625 0.02890625 0.06953125
6 0.87890625 0.82578125 0.02734375 0.05859375
8 0.515625 0.83203125 0.03125 0.06796875
3 0.95390625 0.8265625 0.02109375 0.06015625
3 0.92421875 0.828125 0.02265625 0.06015625
5 0.7734375 0.83046875 0.025 0.0453125
2 0.84921875 0.82890625 0.0203125 0.0625