0 0.82578125 0.8265625 0.01328125 0.03046875
0 0.6734375 0.82421875 0.01171875 0.0265625
0 0.628125 0.821875 0.01328125 0.028125
1 0.7484375 0.81953125 0.01640625 0.06640625
1 0.5984375 0.81484375 0.0140625 0.06015625
1 0.85546875 0.821875 0.01796875 0.06640625
5 0.77890625 0.8171875 0.02265625 0.04140625
3 0.70390625 0.81640625 0.0234375 0.05859375
2 0.9609375 0.81953125 0.0203125 0.0625
5 0.521875 0.8109375 0.0203125 0.0375
3 0.553125 0.8109375 0.0203125 0.05625
5 0.8859375 0.81953125 0.02265625 0.04375
3 0.93125 0.81484375 0.0265625 0.06015625
2 0.478125 0.80859375 0.01796875 0.05859375