0 0.5875 0.8484375 0.015625 0.03203125
0 0.8484375 0.84921875 0.01640625 0.0265625
0 0.81640625 0.8484375 0.01640625 0.028125
5 0.77109375 0.840625 0.025 0.04375
1 0.74140625 0.84375 0.01796875 0.06796875
4 0.95546875 0.840625 0.0203125 0.0546875
7 0.9234375 0.840625 0.0296875 0.06640625
1 0.6640625 0.84140625 0.01640625 0.06796875
2 0.87890625 0.84140625 0.02265625 0.06015625
2 0.4671875 0.83984375 0.0203125 0.06796875
6 0.6171875 0.83984375 0.025 0.0640625
8 0.6953125 0.8375 0.0265625 0.0640625
8 0.5109375 0.840625 0.0234375 0.06953125
2 0.5421875 0.83984375 0.0203125 0.0640625