0 0.60078125 0.83984375 0.015625 0.03359375
0 0.86484375 0.82890625 0.015625 0.02421875
0 0.71015625 0.8328125 0.015625 0.03203125
1 0.63125 0.83046875 0.0140625 0.071875
0 0.83359375 0.83125 0.01328125 0.02421875
3 0.55390625 0.83203125 0.0234375 0.0640625
1 0.75625 0.82421875 0.01796875 0.06796875
5 0.9703125 0.81640625 0.02109375 0.03984375
9 0.9390625 0.8171875 0.02109375 0.05625
5 0.7875 0.82265625 0.02265625 0.0453125
2 0.47578125 0.83359375 0.01796875 0.06796875
8 0.521875 0.83125 0.025 0.06640625
2 0.678125 0.82890625 0.0203125 0.06953125
2 0.89453125 0.81875 0.0203125 0.05625