0 0.8375 0.84140625 0.01328125 0.0265625
5 0.86875 0.8359375 0.0234375 0.04140625
0 0.91640625 0.84453125 0.015625 0.03203125
0 0.684375 0.8359375 0.01640625 0.03359375
0 0.80703125 0.83984375 0.0140625 0.0265625
0 0.578125 0.8328125 0.015625 0.03203125
1 0.73046875 0.83125 0.0203125 0.0625
5 0.76015625 0.83125 0.02265625 0.04375
1 0.653125 0.828125 0.0203125 0.06015625
5 0.5015625 0.8265625 0.025 0.04140625
2 0.45859375 0.82421875 0.02109375 0.05625
6 0.60859375 0.8234375 0.0265625 0.0625
4 0.53359375 0.8265625 0.01875 0.0640625