0 0.8640625 0.821875 0.0140625 0.03203125
0 0.83359375 0.82109375 0.0140625 0.03359375
1 0.6765625 0.821875 0.01640625 0.06953125
1 0.9734375 0.8078125 0.02109375 0.071875
1 0.7546875 0.81640625 0.01875 0.06953125
5 0.7859375 0.8125 0.02265625 0.046875
2 0.7078125 0.8171875 0.02265625 0.06796875
5 0.52109375 0.81953125 0.02109375 0.03984375
3 0.89609375 0.8109375 0.0265625 0.0640625
7 0.94140625 0.809375 0.03125 0.071875
2 0.47578125 0.81875 0.01796875 0.05625
3 0.62890625 0.8171875 0.025 0.0640625
4 0.55234375 0.81875 0.0140625 0.0640625