0 0.81015625 0.84453125 0.015625 0.03203125
0 0.84140625 0.84453125 0.01796875 0.03203125
0 0.57421875 0.840625 0.0203125 0.0359375
1 0.68515625 0.8375 0.0203125 0.0640625
5 0.7625 0.83515625 0.025 0.04375
2 0.4546875 0.83046875 0.0234375 0.071875
1 0.73125 0.8375 0.0203125 0.0640625
8 0.875 0.83359375 0.02890625 0.05625
3 0.65390625 0.83359375 0.02890625 0.06015625
4 0.9546875 0.8359375 0.01640625 0.05625
8 0.60703125 0.83203125 0.03125 0.05625
7 0.4984375 0.83046875 0.0296875 0.06796875
6 0.52890625 0.83203125 0.0234375 0.06796875
6 0.92109375 0.8328125 0.0234375 0.05859375