0 0.5765625 0.84375 0.0203125 0.0453125
0 0.6515625 0.8453125 0.015625 0.04140625
4 0.94609375 0.85 0.02109375 0.0625
0 0.80625 0.85 0.01796875 0.03203125
1 0.60625 0.8359375 0.0203125 0.071875
2 0.45625 0.83125 0.0234375 0.06953125
1 0.72890625 0.83984375 0.01875 0.071875
5 0.91328125 0.8484375 0.0265625 0.03984375
2 0.6828125 0.8375 0.02265625 0.06796875
5 0.759375 0.8390625 0.0265625 0.046875
7 0.53125 0.82890625 0.0265625 0.08125
7 0.4984375 0.82734375 0.02734375 0.08125
3 0.83671875 0.8453125 0.0265625 0.0640625
7 0.86953125 0.84453125 0.0296875 0.06953125