0 0.84921875 0.83359375 0.02265625 0.0375
0 0.58671875 0.83046875 0.01171875 0.03359375
1 0.6953125 0.8265625 0.01875 0.06796875
0 0.81875 0.83125 0.01875 0.03984375
1 0.6640625 0.82265625 0.01640625 0.06796875
1 0.74140625 0.828125 0.01796875 0.06796875
8 0.96015625 0.82578125 0.034375 0.0625
5 0.5125 0.82109375 0.025 0.04921875
5 0.7734375 0.8234375 0.0296875 0.05078125
9 0.88203125 0.82578125 0.03125 0.06640625
2 0.46640625 0.82109375 0.01875 0.0640625
7 0.92421875 0.82578125 0.03203125 0.06953125
3 0.54375 0.82109375 0.025 0.0640625
7 0.61875 0.82265625 0.0265625 0.071875