0 0.87109375 0.83671875 0.01328125 0.02421875
2 0.4609375 0.8453125 0.0140625 0.06796875
0 0.578125 0.85390625 0.0109375 0.028125
0 0.80859375 0.840625 0.0140625 0.02421875
1 0.7296875 0.84375 0.01640625 0.053125
8 0.50390625 0.8453125 0.02109375 0.0640625
5 0.9515625 0.82421875 0.0203125 0.04140625
5 0.76015625 0.8390625 0.0203125 0.0359375
1 0.84140625 0.83515625 0.015625 0.0546875
5 0.6828125 0.8421875 0.0203125 0.0359375
7 0.9203125 0.82734375 0.0265625 0.05859375
2 0.5359375 0.8453125 0.01875 0.06015625
2 0.653125 0.84453125 0.0203125 0.05859375
7 0.6078125 0.84609375 0.02265625 0.06640625