1 0.971875 0.81328125 0.0203125 0.0640625
0 0.559375 0.81953125 0.0234375 0.0359375
0 0.85390625 0.82109375 0.02109375 0.03046875
5 0.68046875 0.8109375 0.02734375 0.0453125
0 0.8203125 0.82109375 0.02109375 0.03046875
1 0.64609375 0.81328125 0.02265625 0.06015625
5 0.76875 0.8125 0.02734375 0.04375
8 0.890625 0.81484375 0.0359375 0.053125
2 0.425 0.80625 0.0359375 0.0625
1 0.7328125 0.8140625 0.025 0.05859375
6 0.93984375 0.8125 0.0296875 0.0625
3 0.5109375 0.8109375 0.03359375 0.06796875
3 0.5953125 0.81015625 0.03359375 0.06640625
8 0.471875 0.80859375 0.034375 0.0625