0 0.59296875 0.846875 0.01640625 0.03359375
0 0.671875 0.8453125 0.01796875 0.0375
0 0.828125 0.840625 0.015625 0.03203125
4 0.62421875 0.8390625 0.0203125 0.06953125
1 0.7484375 0.83984375 0.01875 0.06796875
1 0.7015625 0.83671875 0.01796875 0.06640625
9 0.9640625 0.82578125 0.02109375 0.05859375
4 0.8890625 0.83125 0.01640625 0.05859375
2 0.54609375 0.8390625 0.02109375 0.06640625
5 0.78125 0.83515625 0.0234375 0.04375
6 0.8578125 0.83046875 0.025 0.05625
2 0.46875 0.8421875 0.02109375 0.07734375
2 0.93359375 0.82890625 0.0203125 0.0625
8 0.51328125 0.840625 0.0265625 0.07734375