0 0.85234375 0.84609375 0.01640625 0.028125
0 0.821875 0.846875 0.01328125 0.03046875
3 0.95546875 0.8375 0.02265625 0.0640625
1 0.88203125 0.83984375 0.01640625 0.05625
2 0.4703125 0.8390625 0.02109375 0.06953125
1 0.70078125 0.840625 0.015625 0.06640625
1 0.74609375 0.84140625 0.015625 0.0640625
2 0.5484375 0.8375 0.02265625 0.06015625
5 0.775 0.84140625 0.0234375 0.04921875
1 0.59375 0.8390625 0.01875 0.0625
1 0.62421875 0.8375 0.01796875 0.0640625
8 0.51484375 0.83359375 0.0296875 0.071875
1 0.6703125 0.8375 0.01640625 0.06015625
7 0.92578125 0.8375 0.02734375 0.0640625