0 0.59453125 0.86875 0.0203125 0.0359375
0 0.84765625 0.878125 0.01875 0.028125
0 0.8796875 0.88046875 0.01640625 0.028125
2 0.465625 0.85859375 0.0234375 0.07578125
5 0.7984375 0.86484375 0.02890625 0.046875
4 0.62890625 0.86015625 0.0203125 0.06796875
5 0.91640625 0.87109375 0.02734375 0.04375
1 0.7640625 0.8671875 0.02265625 0.06953125
4 0.98203125 0.87421875 0.02109375 0.05859375
9 0.71328125 0.85859375 0.0265625 0.071875
2 0.67890625 0.859375 0.02890625 0.06640625
2 0.5484375 0.8578125 0.025 0.06953125
4 0.95 0.8734375 0.02109375 0.06015625
8 0.51328125 0.853125 0.02890625 0.07890625