0 0.5765625 0.83671875 0.01640625 0.03203125
0 0.65390625 0.8390625 0.01640625 0.03203125
0 0.91484375 0.84375 0.015625 0.0265625
1 0.86953125 0.8359375 0.01796875 0.053125
0 0.80703125 0.84140625 0.0140625 0.03046875
5 0.8375 0.83515625 0.02265625 0.04375
4 0.60703125 0.8328125 0.01875 0.0625
1 0.684375 0.83203125 0.01875 0.06015625
1 0.7296875 0.8359375 0.01875 0.06796875
5 0.76015625 0.83203125 0.02265625 0.0453125
4 0.9453125 0.83671875 0.01875 0.0546875
8 0.49921875 0.828125 0.025 0.06015625
2 0.45625 0.82890625 0.01875 0.06953125
2 0.53125 0.83046875 0.02265625 0.0640625