0 0.82109375 0.83671875 0.0140625 0.02421875
0 0.59140625 0.84140625 0.01796875 0.04140625
1 0.66640625 0.83515625 0.01796875 0.06640625
2 0.6984375 0.8328125 0.025 0.06640625
1 0.74296875 0.83203125 0.01640625 0.0640625
2 0.4703125 0.8375 0.0265625 0.071875
3 0.54609375 0.8328125 0.02890625 0.06640625
5 0.7734375 0.82890625 0.02109375 0.04375
2 0.62265625 0.83359375 0.02890625 0.071875
8 0.95703125 0.82421875 0.0234375 0.05625
8 0.5140625 0.8328125 0.02890625 0.06640625
6 0.92421875 0.82734375 0.02265625 0.0625
6 0.88125 0.8265625 0.0234375 0.05625
2 0.85 0.82734375 0.01875 0.05859375