0 0.8125 0.8359375 0.015625 0.0265625
0 0.58125 0.8375 0.01328125 0.03359375
5 0.95234375 0.82734375 0.0234375 0.04375
1 0.6890625 0.83046875 0.015625 0.0640625
1 0.61171875 0.83046875 0.01640625 0.0640625
2 0.4609375 0.83203125 0.01875 0.071875
1 0.73359375 0.83046875 0.01796875 0.06015625
3 0.87421875 0.828125 0.025 0.05625
1 0.6578125 0.82890625 0.01796875 0.0625
5 0.76484375 0.828125 0.02265625 0.04140625
2 0.5359375 0.83046875 0.01875 0.0640625
2 0.8421875 0.82734375 0.02265625 0.0625
7 0.9203125 0.82890625 0.0265625 0.06640625
8 0.50390625 0.82890625 0.0234375 0.0734375