0 0.5765625 0.8453125 0.0140625 0.03359375
0 0.80625 0.8546875 0.0140625 0.0265625
1 0.72890625 0.84609375 0.01640625 0.06640625
2 0.45859375 0.83515625 0.02109375 0.05859375
1 0.834375 0.84921875 0.01640625 0.05625
8 0.60859375 0.8359375 0.02890625 0.06015625
5 0.75859375 0.84609375 0.025 0.04375
8 0.94375 0.846875 0.0265625 0.0640625
3 0.53359375 0.83515625 0.02890625 0.0625
5 0.5015625 0.83515625 0.025 0.04375
5 0.91171875 0.84609375 0.0234375 0.046875
2 0.653125 0.84375 0.025 0.071875
2 0.8671875 0.84609375 0.02265625 0.05859375
8 0.68359375 0.8390625 0.025 0.05859375