0 0.8015625 0.84140625 0.015625 0.03046875
0 0.64140625 0.8390625 0.01328125 0.028125
1 0.56328125 0.83046875 0.01640625 0.05625
0 0.59375 0.8375 0.01328125 0.0265625
2 0.95 0.83359375 0.0265625 0.0640625
6 0.9140625 0.8328125 0.02890625 0.06953125
1 0.834375 0.83671875 0.01875 0.06640625
5 0.48359375 0.828125 0.02109375 0.0375
1 0.72109375 0.83515625 0.015625 0.06953125
5 0.67265625 0.83125 0.02109375 0.03984375
3 0.86875 0.83359375 0.0296875 0.0640625
2 0.43828125 0.828125 0.01875 0.06015625
8 0.75390625 0.8328125 0.0296875 0.06640625
3 0.51640625 0.82734375 0.025 0.0546875