0 0.68828125 0.82734375 0.01640625 0.0359375
0 0.6109375 0.82890625 0.02109375 0.03984375
0 0.9484375 0.8234375 0.015625 0.03203125
0 0.84296875 0.8265625 0.0140625 0.0265625
6 0.97734375 0.81328125 0.02109375 0.05625
1 0.871875 0.81875 0.015625 0.05625
2 0.4859375 0.82421875 0.0296875 0.07578125
8 0.7203125 0.81875 0.03125 0.06015625
1 0.765625 0.82109375 0.02109375 0.06796875
5 0.79609375 0.81796875 0.025 0.046875
8 0.5328125 0.82109375 0.03203125 0.0640625
2 0.56640625 0.8234375 0.02734375 0.06953125
3 0.64296875 0.82265625 0.03125 0.0640625
6 0.90390625 0.81640625 0.02109375 0.05859375