5 0.875 0.82578125 0.01875 0.03984375
0 0.84375 0.8328125 0.01171875 0.02421875
0 0.8140625 0.8328125 0.01171875 0.02421875
0 0.584375 0.83515625 0.009375 0.028125
1 0.953125 0.82421875 0.015625 0.05625
5 0.9234375 0.82578125 0.02265625 0.03984375
1 0.7359375 0.8265625 0.01328125 0.06796875
5 0.50859375 0.82734375 0.01875 0.0359375
2 0.4640625 0.82734375 0.01875 0.0546875
2 0.66015625 0.8265625 0.0203125 0.05625
5 0.76796875 0.8265625 0.02109375 0.0375
4 0.5390625 0.8265625 0.0140625 0.05625
5 0.61484375 0.8265625 0.0203125 0.0375
7 0.690625 0.82421875 0.0234375 0.06015625