0 0.60078125 0.83203125 0.015625 0.0375
0 0.646875 0.8328125 0.015625 0.03203125
1 0.72578125 0.83125 0.015625 0.06640625
1 0.56875 0.82421875 0.0140625 0.06796875
1 0.803125 0.83515625 0.015625 0.05859375
4 0.834375 0.83515625 0.01640625 0.0546875
1 0.9125 0.8390625 0.015625 0.06953125
2 0.525 0.82265625 0.02109375 0.06796875
5 0.94453125 0.83671875 0.02265625 0.04375
1 0.67890625 0.82734375 0.01640625 0.06640625
2 0.446875 0.821875 0.0203125 0.0734375
5 0.75625 0.83125 0.02265625 0.03984375
8 0.49140625 0.81875 0.02734375 0.07578125
7 0.865625 0.83515625 0.0234375 0.06640625