0 0.846875 0.85546875 0.01796875 0.028125
0 0.69140625 0.8515625 0.0203125 0.0359375
0 0.6140625 0.846875 0.02109375 0.0453125
0 0.81640625 0.85390625 0.01796875 0.028125
1 0.73828125 0.84453125 0.02109375 0.0734375
1 0.5828125 0.84140625 0.0203125 0.06796875
5 0.76953125 0.84609375 0.0296875 0.046875
2 0.53671875 0.83984375 0.0234375 0.0640625
2 0.45859375 0.83671875 0.025 0.06640625
2 0.95390625 0.84609375 0.0234375 0.05859375
6 0.92265625 0.846875 0.03125 0.06015625
3 0.87890625 0.85078125 0.0296875 0.06796875
2 0.65859375 0.83984375 0.025 0.07578125
8 0.50390625 0.83359375 0.03125 0.06796875