0 0.6984375 0.83203125 0.015625 0.03359375
0 0.81875 0.83125 0.0109375 0.02421875
1 0.746875 0.82265625 0.015625 0.06796875
9 0.94296875 0.82265625 0.01640625 0.05625
1 0.590625 0.828125 0.01875 0.06796875
6 0.9140625 0.82421875 0.02109375 0.06015625
2 0.87421875 0.82421875 0.01796875 0.05625
5 0.77734375 0.82109375 0.01875 0.0453125
6 0.5453125 0.82578125 0.02109375 0.06640625
1 0.62109375 0.82578125 0.01875 0.0625
2 0.84609375 0.8234375 0.01640625 0.0546875
7 0.51484375 0.82734375 0.02734375 0.06640625
2 0.47265625 0.83046875 0.02109375 0.0640625
2 0.66796875 0.8234375 0.02109375 0.06640625