0 0.8109375 0.85546875 0.01328125 0.028125
0 0.84140625 0.85625 0.0140625 0.0265625
0 0.57890625 0.8453125 0.0109375 0.03046875
0 0.65625 0.85 0.01171875 0.028125
3 0.9515625 0.84921875 0.02734375 0.0640625
5 0.765625 0.84609375 0.0265625 0.04375
5 0.91953125 0.85078125 0.02734375 0.0453125
1 0.73359375 0.84609375 0.01640625 0.0625
5 0.61015625 0.8390625 0.0203125 0.03984375
3 0.8734375 0.8484375 0.02890625 0.0625
2 0.45859375 0.8359375 0.0203125 0.0640625
7 0.68671875 0.84140625 0.0265625 0.06796875
2 0.534375 0.83671875 0.01875 0.06640625
8 0.5015625 0.8375 0.02265625 0.06796875