0 0.6390625 0.83203125 0.01640625 0.03046875
0 0.59140625 0.8328125 0.015625 0.0359375
0 0.796875 0.83984375 0.015625 0.0265625
4 0.90625 0.84140625 0.01875 0.06015625
1 0.5578125 0.8265625 0.02265625 0.0640625
1 0.828125 0.83671875 0.01796875 0.05078125
2 0.43671875 0.83359375 0.0234375 0.0640625
4 0.9375 0.840625 0.0203125 0.0546875
1 0.715625 0.83125 0.02109375 0.0625
5 0.7484375 0.83125 0.02265625 0.03984375
4 0.8578125 0.8375 0.015625 0.05625
6 0.66953125 0.8234375 0.02734375 0.05859375
2 0.5125 0.82890625 0.025 0.06640625
8 0.47890625 0.828125 0.02734375 0.0640625