0 0.82734375 0.84140625 0.01171875 0.03046875
0 0.58515625 0.8359375 0.015625 0.03359375
1 0.85859375 0.83515625 0.01328125 0.06640625
2 0.45859375 0.8265625 0.0203125 0.06796875
1 0.66484375 0.82890625 0.01796875 0.05859375
5 0.940625 0.83515625 0.0234375 0.03984375
1 0.69765625 0.83125 0.01640625 0.0625
1 0.74609375 0.8328125 0.01640625 0.0625
5 0.77890625 0.8328125 0.0234375 0.04375
7 0.97265625 0.83359375 0.0265625 0.0640625
9 0.890625 0.8328125 0.01875 0.0625
9 0.61640625 0.82734375 0.01875 0.06640625
8 0.50390625 0.8265625 0.0265625 0.06796875
2 0.5375 0.82890625 0.02265625 0.06640625