0 0.86171875 0.83515625 0.01875 0.0359375
0 0.69375 0.8375 0.0265625 0.0375
0 0.60859375 0.83984375 0.02265625 0.0375
1 0.99296875 0.821875 0.0140625 0.06953125
4 0.72734375 0.83046875 0.0234375 0.06796875
6 0.96171875 0.81875 0.0265625 0.06796875
3 0.5640625 0.83046875 0.0296875 0.06796875
2 0.93125 0.82265625 0.0265625 0.0640625
1 0.77734375 0.82890625 0.0265625 0.0734375
2 0.478125 0.83203125 0.0296875 0.06796875
4 0.64453125 0.83203125 0.025 0.0640625
2 0.8953125 0.82578125 0.0265625 0.06953125
5 0.81328125 0.8234375 0.03125 0.05078125
8 0.52578125 0.8265625 0.034375 0.071875