0 0.88125 0.8640625 0.0203125 0.03046875
0 0.8234375 0.86328125 0.0140625 0.02421875
0 0.85390625 0.86484375 0.01875 0.03203125
0 0.59296875 0.8609375 0.01171875 0.028125
0 0.671875 0.86328125 0.01328125 0.028125
1 0.746875 0.8578125 0.015625 0.0625
3 0.7015625 0.85390625 0.025 0.0625
8 0.9265625 0.8546875 0.0265625 0.06015625
8 0.95859375 0.85546875 0.0265625 0.0625
3 0.54765625 0.85 0.0234375 0.06640625
5 0.625 0.853125 0.02109375 0.04140625
5 0.778125 0.8546875 0.0203125 0.04140625
8 0.51640625 0.8515625 0.02265625 0.06640625
2 0.4703125 0.853125 0.01875 0.06796875