0 0.85234375 0.8328125 0.01171875 0.02421875
0 0.82109375 0.83359375 0.01171875 0.0265625
0 0.6203125 0.83671875 0.01171875 0.028125
4 0.9609375 0.82421875 0.01640625 0.05625
5 0.77421875 0.82734375 0.02265625 0.03984375
1 0.74375 0.83203125 0.01640625 0.06015625
1 0.5890625 0.83203125 0.015625 0.0640625
3 0.69765625 0.828125 0.0234375 0.05625
5 0.92890625 0.82578125 0.02265625 0.03984375
6 0.88125 0.8234375 0.02265625 0.0546875
5 0.51328125 0.83125 0.02109375 0.03984375
2 0.46875 0.83125 0.01796875 0.0546875
2 0.665625 0.83046875 0.01875 0.0640625
3 0.54375 0.82890625 0.0234375 0.05859375