1 0.9734375 0.7890625 0.0203125 0.06796875
0 0.8390625 0.80625 0.01796875 0.03203125
0 0.61171875 0.83359375 0.02109375 0.0375
0 0.6890625 0.8265625 0.01875 0.03046875
6 0.9421875 0.78671875 0.02734375 0.06015625
1 0.8984375 0.79375 0.0234375 0.0546875
1 0.76328125 0.8109375 0.01875 0.05625
1 0.71953125 0.81484375 0.0203125 0.05625
5 0.79453125 0.8078125 0.025 0.04140625
9 0.64375 0.8234375 0.02734375 0.06640625
2 0.4890625 0.8421875 0.02265625 0.06640625
6 0.86640625 0.7953125 0.0265625 0.05078125
8 0.53359375 0.83359375 0.0296875 0.05625
2 0.56640625 0.8328125 0.0265625 0.0625