0 0.825 0.82890625 0.01640625 0.03203125
0 0.6640625 0.82890625 0.01796875 0.04375
5 0.7765625 0.81875 0.025 0.04140625
1 0.74296875 0.82265625 0.01640625 0.06796875
0 0.61640625 0.83046875 0.01796875 0.0375
1 0.85703125 0.81953125 0.01875 0.06953125
1 0.58359375 0.82578125 0.01875 0.06953125
2 0.4578125 0.82578125 0.025 0.0734375
1 0.97265625 0.81796875 0.01875 0.0625
2 0.69609375 0.82265625 0.02265625 0.071875
8 0.88984375 0.81640625 0.0296875 0.0625
6 0.9390625 0.81640625 0.025 0.0625
6 0.5359375 0.82265625 0.0234375 0.06796875
7 0.50234375 0.82265625 0.03125 0.06796875