0 0.8140625 0.846875 0.0109375 0.0265625
0 0.84375 0.846875 0.01171875 0.0265625
6 0.95078125 0.83515625 0.02265625 0.05859375
5 0.76875 0.84140625 0.0203125 0.0375
1 0.73828125 0.8453125 0.0140625 0.06015625
1 0.5875 0.846875 0.01328125 0.06015625
2 0.6625 0.84375 0.0203125 0.06015625
2 0.92109375 0.8390625 0.0203125 0.0625
7 0.87421875 0.8390625 0.02265625 0.0625
2 0.4703125 0.846875 0.01640625 0.06015625
5 0.5140625 0.84609375 0.01875 0.03984375
5 0.69375 0.84375 0.0203125 0.0375
3 0.54375 0.84453125 0.02109375 0.05859375
2 0.61875 0.84375 0.0203125 0.06015625