0 0.8015625 0.90078125 0.01640625 0.03203125
0 0.57421875 0.89375 0.01328125 0.0359375
1 0.65078125 0.88671875 0.015625 0.071875
1 0.7234375 0.89140625 0.0140625 0.06640625
9 0.9046875 0.8953125 0.0265625 0.0625
4 0.60390625 0.8875 0.01796875 0.06953125
6 0.934375 0.89375 0.02109375 0.06953125
2 0.45390625 0.87890625 0.0203125 0.07578125
2 0.8609375 0.8953125 0.02109375 0.06640625
8 0.4984375 0.88046875 0.025 0.08125
2 0.5296875 0.88125 0.01875 0.071875
2 0.75546875 0.89140625 0.02265625 0.06640625
1 0.67890625 0.8890625 0.015625 0.06796875
3 0.83046875 0.8921875 0.02734375 0.06796875