7 0.990625 0.83671875 0.01875 0.07734375
0 0.83046875 0.84609375 0.025 0.04375
0 0.64921875 0.84609375 0.02265625 0.0359375
0 0.59375 0.84453125 0.02109375 0.0359375
3 0.959375 0.8359375 0.03828125 0.07890625
5 0.471875 0.8359375 0.02734375 0.0453125
1 0.56015625 0.83984375 0.025 0.0640625
3 0.50859375 0.8359375 0.03203125 0.06796875
1 0.90625 0.840625 0.02890625 0.07734375
2 0.421875 0.84140625 0.0203125 0.06796875
1 0.6859375 0.83984375 0.02734375 0.06796875
1 0.7375 0.840625 0.025 0.0734375
8 0.77578125 0.8375 0.03671875 0.0640625
2 0.86875 0.83984375 0.03203125 0.07578125