0 0.8234375 0.82734375 0.01328125 0.02421875
0 0.85390625 0.82734375 0.0140625 0.02421875
0 0.671875 0.83125 0.01328125 0.03203125
0 0.5953125 0.83203125 0.01171875 0.03046875
5 0.96171875 0.81796875 0.0234375 0.04375
1 0.93125 0.82421875 0.01875 0.06015625
5 0.778125 0.82109375 0.02265625 0.04140625
5 0.51796875 0.82578125 0.0234375 0.03984375
1 0.62421875 0.82421875 0.01796875 0.06015625
3 0.884375 0.81953125 0.02890625 0.05859375
4 0.54765625 0.82421875 0.01640625 0.06015625
6 0.7 0.82109375 0.0234375 0.0640625
1 0.746875 0.82578125 0.0203125 0.06640625
2 0.4734375 0.82734375 0.0203125 0.0546875