0 0.8421875 0.8453125 0.01796875 0.03046875
5 0.92109375 0.83671875 0.025 0.03984375
0 0.5734375 0.85625 0.0203125 0.04140625
0 0.809375 0.8453125 0.01640625 0.03046875
4 0.95234375 0.8328125 0.02109375 0.0546875
7 0.684375 0.84140625 0.02890625 0.0640625
1 0.603125 0.846875 0.02265625 0.0640625
9 0.8734375 0.8359375 0.0234375 0.053125
5 0.76328125 0.840625 0.02890625 0.046875
1 0.72890625 0.84375 0.02265625 0.06796875
2 0.44921875 0.85078125 0.025 0.0640625
2 0.65078125 0.84453125 0.02734375 0.0734375
7 0.4921875 0.84609375 0.0296875 0.07734375
7 0.52578125 0.84609375 0.02734375 0.08125