0 0.584375 0.8390625 0.0140625 0.0359375
0 0.8296875 0.83984375 0.0140625 0.03046875
1 0.665625 0.83046875 0.0140625 0.0640625
6 0.97578125 0.83359375 0.02265625 0.06015625
2 0.45625 0.828125 0.01875 0.06796875
1 0.8625 0.83359375 0.015625 0.05625
1 0.746875 0.83359375 0.01796875 0.06796875
2 0.61796875 0.83046875 0.0234375 0.0640625
3 0.5359375 0.82890625 0.025 0.06640625
5 0.78046875 0.83203125 0.02265625 0.04140625
6 0.8953125 0.83203125 0.0234375 0.06015625
2 0.94375 0.83515625 0.02265625 0.0625
8 0.50234375 0.82734375 0.0265625 0.06953125
9 0.6984375 0.828125 0.01875 0.06796875