0 0.5765625 0.846875 0.015625 0.04140625
0 0.8390625 0.85390625 0.01796875 0.0359375
1 0.60625 0.840625 0.01640625 0.0734375
0 0.80703125 0.8515625 0.01640625 0.0359375
2 0.45546875 0.8359375 0.02265625 0.0640625
7 0.4984375 0.83203125 0.02734375 0.07890625
1 0.72890625 0.8421875 0.01796875 0.06953125
2 0.684375 0.840625 0.0265625 0.06640625
7 0.53125 0.83515625 0.0265625 0.07734375
5 0.7609375 0.8421875 0.02734375 0.046875
8 0.94609375 0.84453125 0.02734375 0.05859375
2 0.653125 0.8421875 0.025 0.0734375
2 0.9140625 0.8453125 0.0265625 0.0640625
6 0.86875 0.8453125 0.0296875 0.0640625