0 0.86171875 0.84375 0.0140625 0.03046875
0 0.58984375 0.8421875 0.0109375 0.028125
0 0.82890625 0.84140625 0.015625 0.0265625
3 0.97421875 0.8359375 0.025 0.05625
5 0.5109375 0.83359375 0.02109375 0.0375
1 0.74921875 0.8375 0.01796875 0.06015625
9 0.7015625 0.83125 0.01875 0.05859375
5 0.78125 0.83515625 0.02265625 0.03984375
2 0.9421875 0.83671875 0.025 0.05859375
6 0.89453125 0.83359375 0.02734375 0.053125
4 0.54375 0.83359375 0.015625 0.06015625
4 0.62109375 0.8359375 0.01640625 0.05625
2 0.465625 0.83203125 0.01875 0.053125
2 0.66953125 0.83515625 0.0203125 0.0625