0 0.5859375 0.8578125 0.01171875 0.0359375
0 0.81484375 0.86328125 0.015625 0.03203125
1 0.84453125 0.8546875 0.01796875 0.071875
1 0.66328125 0.853125 0.01640625 0.0640625
4 0.92109375 0.8609375 0.0140625 0.0734375
2 0.9515625 0.859375 0.01796875 0.0625
5 0.50859375 0.846875 0.0234375 0.0453125
2 0.8765625 0.85859375 0.0234375 0.0640625
5 0.76953125 0.85390625 0.02265625 0.04375
1 0.73828125 0.85625 0.01640625 0.0640625
6 0.69296875 0.8515625 0.02109375 0.0625
2 0.61640625 0.85078125 0.02109375 0.0640625
4 0.53984375 0.84609375 0.01796875 0.06640625
2 0.4640625 0.8453125 0.0203125 0.0640625