0 0.875 0.82890625 0.0140625 0.0359375
0 0.81484375 0.83515625 0.015625 0.03203125
0 0.921875 0.82421875 0.015625 0.03046875
1 0.8453125 0.82578125 0.02109375 0.06640625
0 0.6125 0.84453125 0.015625 0.03203125
1 0.95234375 0.81640625 0.01640625 0.06640625
0 0.6578125 0.84140625 0.015625 0.03359375
1 0.7359375 0.83125 0.01640625 0.06640625
5 0.76640625 0.82734375 0.02265625 0.04375
1 0.58125 0.83984375 0.01796875 0.06015625
8 0.50546875 0.8421875 0.02734375 0.06640625
2 0.53671875 0.83984375 0.02109375 0.06015625
7 0.68984375 0.83125 0.02734375 0.06953125
2 0.4609375 0.84609375 0.0203125 0.06640625