0 0.5859375 0.8359375 0.0109375 0.0265625
0 0.8140625 0.83515625 0.01171875 0.028125
1 0.84375 0.82734375 0.01171875 0.0625
1 0.6609375 0.83046875 0.015625 0.0640625
1 0.73828125 0.82890625 0.01640625 0.0625
1 0.95390625 0.83046875 0.01328125 0.06015625
5 0.6921875 0.82734375 0.02265625 0.03984375
5 0.76875 0.82734375 0.02265625 0.03984375
9 0.875 0.82578125 0.01640625 0.0625
2 0.46640625 0.8265625 0.01875 0.06015625
3 0.61640625 0.82890625 0.025 0.0625
2 0.9234375 0.82890625 0.0203125 0.0625
8 0.5109375 0.82421875 0.0234375 0.06015625
3 0.54140625 0.82578125 0.02265625 0.05859375