0 0.540625 0.80078125 0.01640625 0.0359375
1 0.57109375 0.7921875 0.0203125 0.06796875
0 0.7875 0.7890625 0.015625 0.03359375
9 0.95 0.77265625 0.0234375 0.06953125
1 0.69921875 0.7859375 0.0203125 0.0734375
3 0.6515625 0.7859375 0.0265625 0.06640625
5 0.9125 0.77421875 0.02734375 0.046875
8 0.46328125 0.7953125 0.0265625 0.06953125
2 0.41875 0.79921875 0.0234375 0.06953125
5 0.73359375 0.78125 0.0234375 0.0453125
1 0.82109375 0.78046875 0.01875 0.0625
3 0.49375 0.7921875 0.0265625 0.0640625
2 0.85703125 0.77734375 0.0234375 0.06015625