0 0.82265625 0.83515625 0.01640625 0.028125
0 0.58359375 0.83984375 0.01796875 0.04140625
4 0.69453125 0.83046875 0.01796875 0.06015625
5 0.9640625 0.8265625 0.0234375 0.04140625
2 0.45859375 0.8328125 0.02265625 0.06640625
1 0.853125 0.83046875 0.01796875 0.06015625
1 0.7421875 0.83125 0.0203125 0.06640625
2 0.66171875 0.83046875 0.0265625 0.0640625
5 0.7734375 0.82890625 0.0265625 0.046875
2 0.93125 0.828125 0.025 0.06015625
3 0.88515625 0.82734375 0.02734375 0.05078125
2 0.61640625 0.8328125 0.025 0.06640625
7 0.503125 0.82734375 0.0296875 0.0734375
7 0.53671875 0.82734375 0.0265625 0.07734375