0 0.57421875 0.84453125 0.015625 0.03984375
0 0.834375 0.85078125 0.01640625 0.03046875
0 0.803125 0.8515625 0.015625 0.03203125
1 0.72734375 0.84453125 0.01640625 0.06640625
1 0.6515625 0.83671875 0.01640625 0.06640625
4 0.6046875 0.84140625 0.01640625 0.071875
5 0.75859375 0.84375 0.0265625 0.0453125
5 0.49765625 0.8359375 0.0265625 0.0453125
9 0.9109375 0.84609375 0.0265625 0.0625
1 0.68125 0.8390625 0.015625 0.06953125
6 0.94140625 0.84453125 0.0265625 0.0625
3 0.86640625 0.84609375 0.0296875 0.06640625
2 0.45390625 0.83125 0.01875 0.05859375
4 0.52890625 0.83671875 0.0203125 0.06953125