0 0.89375 0.8328125 0.0140625 0.028125
0 0.83515625 0.83671875 0.015625 0.028125
4 0.93828125 0.821875 0.01640625 0.05859375
0 0.68125 0.8421875 0.01328125 0.03203125
1 0.86484375 0.828125 0.0203125 0.0640625
1 0.7578125 0.83359375 0.015625 0.0640625
8 0.96875 0.81875 0.0265625 0.053125
5 0.7890625 0.82890625 0.02265625 0.04375
1 0.60546875 0.83984375 0.015625 0.06015625
8 0.7125 0.83125 0.025 0.05859375
2 0.6359375 0.8375 0.0203125 0.0640625
5 0.52890625 0.83984375 0.0203125 0.04140625
2 0.48359375 0.8421875 0.01875 0.0625
3 0.5609375 0.8375 0.0234375 0.05625