0 0.815625 0.83984375 0.01171875 0.0265625
0 0.84609375 0.83984375 0.0109375 0.0265625
1 0.73828125 0.83515625 0.01640625 0.0546875
1 0.5859375 0.8328125 0.0140625 0.05859375
5 0.76875 0.83203125 0.02109375 0.04140625
1 0.6625 0.83359375 0.015625 0.05625
5 0.5109375 0.8328125 0.01875 0.03984375
4 0.92265625 0.83359375 0.01640625 0.06015625
3 0.87734375 0.83203125 0.0234375 0.06015625
4 0.95390625 0.8328125 0.01796875 0.0546875
3 0.54140625 0.83046875 0.02265625 0.06015625
6 0.6921875 0.83125 0.0203125 0.0546875
2 0.61640625 0.8328125 0.0203125 0.0625
2 0.465625 0.83046875 0.01640625 0.06015625