0 0.82109375 0.85 0.015625 0.028125
0 0.59140625 0.8546875 0.01171875 0.0265625
4 0.95546875 0.83515625 0.01796875 0.05859375
1 0.85078125 0.840625 0.01796875 0.06640625
5 0.88125 0.83671875 0.02109375 0.04375
1 0.74375 0.8421875 0.0140625 0.06640625
4 0.6984375 0.84609375 0.01640625 0.0625
3 0.54609375 0.8453125 0.0234375 0.0640625
5 0.775 0.840625 0.02109375 0.046875
3 0.621875 0.8453125 0.025 0.0640625
8 0.51640625 0.84609375 0.0234375 0.0625
2 0.471875 0.85 0.0203125 0.06640625
6 0.9234375 0.8359375 0.0234375 0.06015625
2 0.66796875 0.84453125 0.02109375 0.05859375