0 0.81171875 0.8375 0.0140625 0.03046875
0 0.58359375 0.83125 0.01328125 0.03203125
1 0.84140625 0.83203125 0.01640625 0.06015625
2 0.91953125 0.8328125 0.02265625 0.0625
1 0.6578125 0.8265625 0.01796875 0.06796875
2 0.94921875 0.8328125 0.0203125 0.05859375
5 0.76484375 0.828125 0.02265625 0.0375
1 0.73359375 0.828125 0.0140625 0.06796875
2 0.4640625 0.821875 0.01796875 0.06953125
7 0.68828125 0.8234375 0.0265625 0.06953125
8 0.50625 0.821875 0.025 0.06953125
7 0.87265625 0.82890625 0.02890625 0.06953125
2 0.5390625 0.8234375 0.01796875 0.06640625
2 0.6140625 0.82578125 0.0203125 0.06640625