0 0.8640625 0.86875 0.015625 0.028125
1 0.96484375 0.8609375 0.015625 0.0625
0 0.60625 0.86796875 0.015625 0.03359375
0 0.8328125 0.86875 0.015625 0.028125
1 0.93671875 0.86015625 0.01640625 0.06015625
4 0.8921875 0.8640625 0.0203125 0.053125
1 0.68359375 0.8609375 0.01875 0.0625
5 0.7890625 0.8625 0.0265625 0.0453125
1 0.63671875 0.86015625 0.01640625 0.06015625
1 0.75859375 0.86640625 0.0203125 0.0640625
6 0.71328125 0.8609375 0.0234375 0.05859375
2 0.4859375 0.8609375 0.02265625 0.0734375
2 0.56171875 0.8625 0.02109375 0.06015625
8 0.52890625 0.8609375 0.02890625 0.06953125