0 0.8453125 0.8359375 0.02109375 0.03359375
0 0.60234375 0.8359375 0.01875 0.03359375
0 0.90703125 0.8359375 0.01875 0.03359375
0 0.71640625 0.83515625 0.01796875 0.03203125
3 0.9859375 0.8265625 0.025 0.07578125
5 0.521875 0.82421875 0.02734375 0.04921875
9 0.95390625 0.82578125 0.0265625 0.06640625
1 0.7625 0.82734375 0.02265625 0.06953125
2 0.79609375 0.828125 0.03125 0.06796875
2 0.475 0.82421875 0.01875 0.06015625
1 0.68203125 0.82890625 0.02109375 0.06640625
3 0.55625 0.8234375 0.03125 0.06953125
2 0.8765625 0.82890625 0.0265625 0.0734375
6 0.63359375 0.82734375 0.02734375 0.06953125