0 0.8265625 0.82421875 0.015625 0.03046875
1 0.74765625 0.82109375 0.01640625 0.071875
2 0.70390625 0.81953125 0.0234375 0.06640625
1 0.85625 0.81796875 0.01796875 0.05859375
1 0.88671875 0.81796875 0.01640625 0.05859375
1 0.6265625 0.81953125 0.01796875 0.0625
5 0.7796875 0.81796875 0.0234375 0.04375
1 0.59609375 0.82265625 0.01875 0.06796875
9 0.9640625 0.81484375 0.0203125 0.05625
2 0.671875 0.82265625 0.025 0.06796875
7 0.51875 0.82421875 0.0296875 0.0640625
2 0.475 0.82578125 0.02109375 0.06640625
2 0.93203125 0.81953125 0.02109375 0.06640625
6 0.55 0.82109375 0.0234375 0.0640625