0 0.609375 0.83046875 0.01640625 0.03359375
0 0.8546875 0.82109375 0.0140625 0.0265625
0 0.72265625 0.8234375 0.02109375 0.0359375
1 0.77109375 0.8171875 0.0203125 0.06796875
2 0.99296875 0.8078125 0.0140625 0.06015625
2 0.48125 0.8265625 0.02109375 0.07578125
3 0.6421875 0.82109375 0.0296875 0.0640625
5 0.80390625 0.81484375 0.025 0.04140625
2 0.56015625 0.82421875 0.0203125 0.071875
2 0.68984375 0.821875 0.02734375 0.06953125
8 0.91875 0.809375 0.0234375 0.053125
7 0.965625 0.81015625 0.0234375 0.0625
8 0.5265625 0.82265625 0.0265625 0.07578125
2 0.88515625 0.81328125 0.02265625 0.0640625