0 0.92265625 0.8265625 0.0140625 0.03359375
0 0.8140625 0.82890625 0.015625 0.0359375
1 0.953125 0.8171875 0.015625 0.071875
0 0.68984375 0.8328125 0.01328125 0.03203125
0 0.5828125 0.83359375 0.0109375 0.03046875
1 0.84375 0.82109375 0.01875 0.06796875
1 0.73515625 0.8234375 0.015625 0.0625
2 0.875 0.82109375 0.0265625 0.06015625
5 0.61328125 0.8265625 0.02109375 0.04140625
2 0.46171875 0.82890625 0.01875 0.0546875
4 0.53828125 0.82734375 0.0140625 0.0625
5 0.50703125 0.82890625 0.01875 0.03984375
6 0.76640625 0.82265625 0.025 0.071875
2 0.65859375 0.82421875 0.0203125 0.0640625