0 0.84921875 0.821875 0.0203125 0.028125
0 0.81640625 0.81953125 0.01640625 0.03203125
5 0.9640625 0.8109375 0.02890625 0.04921875
5 0.76875 0.8125 0.02890625 0.046875
2 0.45546875 0.82109375 0.02734375 0.071875
0 0.57890625 0.8234375 0.0265625 0.05078125
1 0.73515625 0.81640625 0.02265625 0.06953125
2 0.65703125 0.8125 0.03125 0.06640625
1 0.690625 0.81484375 0.0234375 0.06796875
1 0.9296875 0.8109375 0.0234375 0.06796875
7 0.88203125 0.8109375 0.03359375 0.06015625
7 0.5328125 0.81015625 0.0296875 0.08125
2 0.61171875 0.81640625 0.03125 0.06640625
7 0.4984375 0.8109375 0.03203125 0.07890625