0 0.8484375 0.84375 0.01875 0.03046875
0 0.66796875 0.8484375 0.01875 0.03203125
0 0.81796875 0.84453125 0.01640625 0.03203125
0 0.59140625 0.8484375 0.01796875 0.03984375
4 0.6984375 0.8421875 0.02109375 0.06640625
1 0.8796875 0.8375 0.01875 0.05625
1 0.92421875 0.83359375 0.0203125 0.06015625
4 0.9546875 0.83203125 0.01640625 0.05625
1 0.74375 0.840625 0.0203125 0.06640625
5 0.7734375 0.8359375 0.025 0.04921875
2 0.47109375 0.84609375 0.0234375 0.06640625
8 0.62265625 0.840625 0.02890625 0.06640625
3 0.5484375 0.84453125 0.0296875 0.0734375
5 0.51640625 0.8421875 0.02734375 0.05078125