0 0.603125 0.871875 0.0203125 0.04140625
0 0.83046875 0.87890625 0.0203125 0.04140625
0 0.921875 0.8828125 0.0203125 0.03359375
4 0.89375 0.87109375 0.01796875 0.06953125
0 0.70859375 0.8765625 0.01875 0.03984375
1 0.9546875 0.871875 0.0234375 0.06796875
1 0.63359375 0.86015625 0.01875 0.0828125
3 0.8625 0.86953125 0.025 0.07578125
2 0.4828125 0.86015625 0.01796875 0.07578125
2 0.559375 0.86015625 0.02109375 0.071875
2 0.67890625 0.8640625 0.02265625 0.07578125
5 0.78671875 0.86640625 0.03125 0.05625
1 0.75390625 0.8671875 0.02265625 0.07734375
8 0.52734375 0.8578125 0.0265625 0.08125