0 0.8515625 0.8390625 0.01640625 0.028125
0 0.590625 0.8484375 0.01171875 0.028125
0 0.81875 0.83984375 0.01328125 0.03046875
5 0.77265625 0.83359375 0.0234375 0.04140625
1 0.8796875 0.828125 0.01875 0.06796875
1 0.74140625 0.8359375 0.0140625 0.06796875
1 0.66640625 0.83671875 0.015625 0.0625
3 0.54609375 0.8390625 0.025 0.0625
4 0.621875 0.8390625 0.01796875 0.05859375
8 0.95625 0.82578125 0.0265625 0.06640625
8 0.9234375 0.8265625 0.0265625 0.06796875
2 0.46953125 0.84453125 0.0203125 0.05859375
5 0.51484375 0.84140625 0.02265625 0.04140625
7 0.69609375 0.8328125 0.02734375 0.06953125