0 0.84375 0.8390625 0.0140625 0.03203125
0 0.8125 0.8375 0.015625 0.03046875
0 0.584375 0.84453125 0.01171875 0.03203125
4 0.69140625 0.83515625 0.01640625 0.05859375
5 0.7671875 0.83203125 0.025 0.0453125
1 0.7359375 0.8359375 0.01796875 0.06796875
9 0.875 0.828125 0.02109375 0.0640625
6 0.9515625 0.82421875 0.0234375 0.0640625
2 0.66015625 0.8359375 0.0203125 0.06015625
7 0.61484375 0.8359375 0.025 0.071875
7 0.9203125 0.82734375 0.02890625 0.05859375
2 0.46640625 0.840625 0.01796875 0.06640625
8 0.50859375 0.83984375 0.0234375 0.071875
2 0.53984375 0.8375 0.01796875 0.0640625