0 0.84453125 0.8484375 0.015625 0.03984375
0 0.58828125 0.840625 0.0140625 0.03203125
0 0.815625 0.846875 0.0140625 0.03359375
6 0.8765625 0.83984375 0.0265625 0.0640625
1 0.95390625 0.84375 0.01875 0.053125
3 0.921875 0.83984375 0.02734375 0.06015625
1 0.740625 0.840625 0.01640625 0.06640625
4 0.61875 0.83515625 0.01640625 0.0625
5 0.77109375 0.8375 0.02265625 0.0453125
1 0.6953125 0.83671875 0.01640625 0.06640625
1 0.66484375 0.83359375 0.015625 0.0640625
2 0.54375 0.83046875 0.0203125 0.0640625
2 0.46875 0.82890625 0.0203125 0.06953125
8 0.5109375 0.82734375 0.0234375 0.07734375