1 0.6984375 0.81640625 0.0265625 0.07734375
0 0.83359375 0.82265625 0.0203125 0.03359375
0 0.6625 0.82421875 0.025 0.04921875
0 0.57890625 0.8265625 0.02109375 0.0453125
9 0.96640625 0.8078125 0.0234375 0.06796875
9 0.93515625 0.81015625 0.02265625 0.06640625
1 0.7484375 0.81328125 0.0234375 0.07890625
3 0.53359375 0.8140625 0.03125 0.07734375
5 0.90078125 0.81015625 0.02734375 0.04375
3 0.615625 0.81640625 0.03359375 0.0890625
2 0.44765625 0.8140625 0.03359375 0.07734375
5 0.78359375 0.81015625 0.03203125 0.05078125
8 0.49453125 0.81015625 0.034375 0.0734375
4 0.8671875 0.8109375 0.02265625 0.06796875