0 0.8609375 0.84140625 0.01640625 0.0375
1 0.82734375 0.83515625 0.0265625 0.05859375
0 0.58359375 0.84375 0.01640625 0.0375
0 0.6625 0.84375 0.015625 0.03359375
3 0.89375 0.83359375 0.03359375 0.06796875
1 0.69609375 0.83359375 0.01796875 0.071875
7 0.9765625 0.83671875 0.034375 0.06640625
9 0.94296875 0.83515625 0.02890625 0.06640625
1 0.74453125 0.83671875 0.02265625 0.0734375
1 0.61484375 0.83515625 0.0203125 0.06953125
2 0.45625 0.8375 0.0203125 0.07578125
5 0.778125 0.8359375 0.02734375 0.0453125
2 0.534375 0.83671875 0.0234375 0.06953125
8 0.503125 0.83359375 0.02734375 0.071875