0 0.88671875 0.83046875 0.01171875 0.0265625
0 0.67734375 0.8390625 0.01171875 0.02421875
0 0.85859375 0.8328125 0.01328125 0.02421875
0 0.82890625 0.8328125 0.01171875 0.02421875
1 0.9625 0.81796875 0.015625 0.05859375
1 0.6015625 0.8375 0.0140625 0.05625
1 0.753125 0.83125 0.015625 0.05859375
1 0.63125 0.83671875 0.0140625 0.05859375
5 0.7078125 0.83046875 0.02265625 0.04140625
5 0.52421875 0.8390625 0.0203125 0.03984375
5 0.7828125 0.828125 0.0203125 0.0375
9 0.9328125 0.81875 0.01796875 0.05625
2 0.47890625 0.83984375 0.01796875 0.05625
3 0.55546875 0.83671875 0.02265625 0.05859375