0 0.8875 0.8453125 0.01328125 0.0265625
0 0.85859375 0.846875 0.015625 0.0265625
0 0.59453125 0.8515625 0.015625 0.03203125
0 0.82890625 0.8484375 0.01328125 0.02421875
1 0.7515625 0.846875 0.01796875 0.05625
2 0.47109375 0.846875 0.0203125 0.06796875
4 0.93359375 0.8359375 0.01640625 0.05625
5 0.78203125 0.84375 0.02109375 0.0375
1 0.6734375 0.8453125 0.015625 0.06796875
8 0.51640625 0.84609375 0.025 0.06953125
6 0.96171875 0.83125 0.02109375 0.05859375
9 0.70546875 0.8421875 0.0203125 0.0625
2 0.5484375 0.84453125 0.02109375 0.06953125
8 0.6265625 0.8421875 0.02890625 0.05859375