0 0.6609375 0.85078125 0.015625 0.0375
0 0.85 0.84921875 0.01640625 0.02265625
5 0.77109375 0.8421875 0.0265625 0.04375
0 0.584375 0.8515625 0.0140625 0.03203125
0 0.8171875 0.84921875 0.015625 0.0265625
2 0.9578125 0.8375 0.02265625 0.05625
6 0.69140625 0.840625 0.0265625 0.0625
1 0.7390625 0.84609375 0.01875 0.0625
2 0.4609375 0.84921875 0.02109375 0.0640625
8 0.50546875 0.84609375 0.025 0.0625
1 0.615625 0.84375 0.01875 0.0640625
3 0.9265625 0.83984375 0.025 0.05625
2 0.5375 0.8453125 0.0203125 0.0640625
7 0.88046875 0.84140625 0.02734375 0.05625