0 0.915625 0.81015625 0.01171875 0.028125
0 0.5484375 0.79453125 0.015625 0.0375
7 0.4640625 0.77421875 0.0296875 0.07734375
1 0.58125 0.7875 0.01796875 0.06953125
0 0.63125 0.7984375 0.015625 0.0375
7 0.4984375 0.7828125 0.02890625 0.07578125
2 0.41640625 0.78046875 0.02109375 0.0734375
1 0.66640625 0.79375 0.02109375 0.0625
8 0.74765625 0.79609375 0.02890625 0.05625
1 0.71640625 0.7953125 0.01796875 0.0625
1 0.80078125 0.80078125 0.01796875 0.0625
5 0.865625 0.8015625 0.01875 0.03359375
6 0.83203125 0.8 0.02109375 0.0640625