0 0.76640625 0.821875 0.0109375 0.02421875
4 0.8265625 0.8125 0.015625 0.06640625
0 0.5390625 0.83515625 0.015625 0.0359375
5 0.90546875 0.8046875 0.0203125 0.05078125
0 0.6109375 0.83125 0.01328125 0.03203125
2 0.42109375 0.83359375 0.02109375 0.0640625
1 0.8734375 0.80859375 0.01640625 0.06953125
1 0.68671875 0.81875 0.01875 0.071875
5 0.71875 0.81640625 0.02265625 0.046875
4 0.56796875 0.82578125 0.01875 0.0625
3 0.49375 0.828125 0.0265625 0.0640625
5 0.4640625 0.83046875 0.02109375 0.04921875
7 0.64140625 0.81953125 0.02890625 0.06953125