1 0.67734375 0.840625 0.02109375 0.06640625
1 0.64375 0.84140625 0.0203125 0.071875
0 0.84765625 0.84453125 0.01875 0.03203125
0 0.8140625 0.84453125 0.0203125 0.03203125
0 0.5578125 0.8453125 0.0203125 0.03046875
1 0.72890625 0.840625 0.0234375 0.06640625
4 0.96640625 0.84140625 0.0234375 0.05625
5 0.7625 0.83984375 0.0296875 0.0453125
1 0.59140625 0.8390625 0.02109375 0.06953125
8 0.47109375 0.83515625 0.03359375 0.05859375
3 0.8828125 0.83984375 0.03203125 0.0640625
2 0.50859375 0.8359375 0.0296875 0.0640625
2 0.4234375 0.83671875 0.03125 0.0625
6 0.93125 0.8390625 0.0296875 0.05859375