0 0.82578125 0.84140625 0.015625 0.03046875
0 0.85859375 0.8421875 0.01640625 0.03203125
2 0.971875 0.8328125 0.02265625 0.05859375
0 0.58359375 0.840625 0.01640625 0.0359375
9 0.61640625 0.83203125 0.0234375 0.06015625
2 0.45625 0.83046875 0.02109375 0.053125
5 0.50234375 0.83203125 0.0265625 0.04140625
5 0.7765625 0.83515625 0.02265625 0.04375
6 0.890625 0.83359375 0.02890625 0.05625
3 0.9390625 0.8359375 0.0265625 0.05625
1 0.74375 0.83359375 0.01640625 0.0640625
3 0.5359375 0.83046875 0.02734375 0.05625
2 0.6640625 0.83515625 0.02265625 0.06640625
7 0.69609375 0.83359375 0.02734375 0.06796875