0 0.81875 0.8359375 0.01171875 0.0265625
0 0.58828125 0.8421875 0.01171875 0.028125
1 0.9265625 0.82890625 0.015625 0.0625
5 0.77265625 0.82890625 0.02109375 0.03984375
1 0.7421875 0.8328125 0.015625 0.05859375
5 0.51171875 0.8359375 0.0234375 0.04140625
5 0.9578125 0.82734375 0.02265625 0.04375
3 0.54375 0.8328125 0.0265625 0.0546875
5 0.69609375 0.83203125 0.02109375 0.0375
2 0.66484375 0.83125 0.0203125 0.0546875
2 0.46796875 0.8390625 0.01875 0.0546875
2 0.88046875 0.828125 0.0203125 0.05625
5 0.61953125 0.83203125 0.0203125 0.04140625