0 0.81171875 0.8375 0.01875 0.03359375
0 0.65078125 0.8375 0.0203125 0.0375
0 0.84375 0.8390625 0.0203125 0.03203125
0 0.56953125 0.8375 0.0203125 0.04140625
1 0.68203125 0.83046875 0.01875 0.06796875
5 0.878125 0.83203125 0.0296875 0.04140625
1 0.73046875 0.83203125 0.02265625 0.071875
5 0.76328125 0.83046875 0.02890625 0.04921875
6 0.9578125 0.828125 0.0296875 0.06015625
2 0.44453125 0.83359375 0.0203125 0.06796875
8 0.48984375 0.83125 0.02734375 0.0734375
7 0.92421875 0.83046875 0.03203125 0.06015625
2 0.5234375 0.8328125 0.025 0.06953125
2 0.60234375 0.83203125 0.02890625 0.06796875