0 0.8484375 0.846875 0.0109375 0.0265625
0 0.6640625 0.8484375 0.0109375 0.028125
0 0.5859375 0.846875 0.009375 0.03046875
0 0.81796875 0.8484375 0.01171875 0.028125
5 0.771875 0.84140625 0.02265625 0.04140625
1 0.740625 0.84453125 0.0140625 0.06640625
3 0.69453125 0.84140625 0.025 0.06015625
4 0.92421875 0.83984375 0.01796875 0.06015625
5 0.5078125 0.8390625 0.0203125 0.03984375
4 0.61640625 0.8421875 0.0140625 0.06640625
2 0.46171875 0.8375 0.01875 0.05625
4 0.9546875 0.8375 0.01640625 0.06015625
4 0.5390625 0.8390625 0.01328125 0.06640625
3 0.8796875 0.8390625 0.0234375 0.05859375