0 0.8015625 0.88203125 0.01328125 0.03203125
1 0.65 0.87109375 0.0140625 0.06953125
0 0.57734375 0.8765625 0.0140625 0.03203125
1 0.83125 0.8765625 0.01328125 0.06953125
1 0.72578125 0.8734375 0.015625 0.06796875
1 0.60703125 0.86796875 0.01640625 0.06796875
2 0.93984375 0.8765625 0.02265625 0.06640625
6 0.86171875 0.87421875 0.02109375 0.06640625
2 0.45859375 0.86484375 0.0203125 0.0734375
9 0.90859375 0.8765625 0.0234375 0.06953125
5 0.75625 0.8734375 0.02109375 0.0453125
8 0.5015625 0.86484375 0.025 0.0734375
2 0.5328125 0.8671875 0.0203125 0.06953125
9 0.6796875 0.86875 0.01875 0.06953125