0 0.8734375 0.828125 0.0140625 0.0265625
0 0.675 0.82734375 0.01640625 0.028125
4 0.990625 0.81875 0.01640625 0.06015625
0 0.59375 0.8265625 0.0140625 0.03359375
0 0.840625 0.82734375 0.0140625 0.02421875
9 0.95625 0.81796875 0.0234375 0.05859375
5 0.5125 0.81953125 0.02265625 0.03984375
5 0.78984375 0.82109375 0.02265625 0.04140625
6 0.62578125 0.81796875 0.02734375 0.0625
2 0.46484375 0.81953125 0.0203125 0.0546875
1 0.75859375 0.82265625 0.01875 0.06015625
1 0.70859375 0.81953125 0.01875 0.05859375
4 0.5453125 0.81953125 0.01640625 0.0625
2 0.90703125 0.81953125 0.02109375 0.0546875