0 0.67421875 0.85078125 0.01328125 0.03046875
0 0.8015625 0.85625 0.0140625 0.03046875
0 0.8328125 0.85859375 0.01796875 0.03359375
0 0.56484375 0.84609375 0.0109375 0.028125
5 0.75390625 0.846875 0.025 0.04140625
1 0.721875 0.846875 0.015625 0.0640625
6 0.8640625 0.85078125 0.0265625 0.06015625
8 0.94375 0.853125 0.0265625 0.05625
5 0.4890625 0.83671875 0.02265625 0.03984375
9 0.596875 0.8375 0.0203125 0.06015625
7 0.9109375 0.8546875 0.0265625 0.0640625
2 0.44375 0.83515625 0.01796875 0.0546875
3 0.5203125 0.8359375 0.0234375 0.05625
2 0.64375 0.8421875 0.01796875 0.0625