0 0.67109375 0.85859375 0.01171875 0.03359375
0 0.83125 0.8578125 0.015625 0.03203125
0 0.89140625 0.85390625 0.0140625 0.03203125
0 0.59375 0.8609375 0.01328125 0.028125
1 0.75078125 0.8515625 0.015625 0.06640625
1 0.86171875 0.85 0.02109375 0.06953125
8 0.93828125 0.8421875 0.0265625 0.0625
2 0.4671875 0.85546875 0.02265625 0.06640625
3 0.54609375 0.8515625 0.025 0.06640625
5 0.7828125 0.85 0.02265625 0.046875
8 0.5140625 0.85078125 0.025 0.0640625
2 0.703125 0.8515625 0.0203125 0.06953125
7 0.96875 0.84453125 0.0234375 0.0734375
2 0.6234375 0.853125 0.02109375 0.06796875