0 0.8515625 0.840625 0.0140625 0.028125
1 0.95625 0.828125 0.015625 0.06015625
0 0.66953125 0.84609375 0.01328125 0.03203125
0 0.59140625 0.8453125 0.01171875 0.03046875
0 0.82109375 0.83984375 0.01171875 0.0265625
5 0.88203125 0.83046875 0.0234375 0.04140625
9 0.69921875 0.8359375 0.0203125 0.0640625
5 0.77578125 0.8359375 0.02265625 0.04140625
4 0.54609375 0.83984375 0.01328125 0.06015625
5 0.51484375 0.8390625 0.0203125 0.03984375
4 0.62265625 0.840625 0.01640625 0.05859375
1 0.7453125 0.8390625 0.01875 0.0625
8 0.9265625 0.8265625 0.0265625 0.06796875
2 0.46953125 0.83984375 0.01796875 0.05625