0 0.596875 0.83671875 0.015625 0.0359375
0 0.83125 0.83125 0.01328125 0.028125
0 0.70625 0.83359375 0.01328125 0.03359375
1 0.753125 0.8265625 0.015625 0.06796875
1 0.86171875 0.821875 0.0140625 0.0546875
6 0.9375 0.81796875 0.02265625 0.05859375
3 0.96875 0.8171875 0.0234375 0.05625
6 0.62734375 0.828125 0.0234375 0.0640625
2 0.47265625 0.8328125 0.01875 0.06640625
5 0.784375 0.8234375 0.02109375 0.04375
6 0.89375 0.81953125 0.02265625 0.05859375
2 0.6734375 0.82734375 0.02109375 0.06953125
2 0.55078125 0.83046875 0.0203125 0.0640625
8 0.51796875 0.83125 0.0234375 0.06953125