0 0.83125 0.8390625 0.015625 0.03203125
0 0.6015625 0.8453125 0.01328125 0.0265625
1 0.86171875 0.82890625 0.01875 0.0625
8 0.8921875 0.82578125 0.02734375 0.05859375
1 0.75625 0.83515625 0.01640625 0.05859375
5 0.5234375 0.840625 0.02109375 0.04375
5 0.7859375 0.83203125 0.02109375 0.0453125
5 0.709375 0.8328125 0.02109375 0.03984375
2 0.47890625 0.840625 0.01875 0.05859375
2 0.67734375 0.8359375 0.02109375 0.0640625
6 0.96640625 0.82109375 0.025 0.0640625
7 0.9359375 0.8234375 0.025 0.06640625
4 0.5546875 0.840625 0.0140625 0.0625
3 0.63203125 0.83515625 0.0265625 0.05859375