0 0.83671875 0.84609375 0.02109375 0.0546875
0 0.91484375 0.84609375 0.0203125 0.03984375
0 0.57265625 0.8390625 0.0140625 0.0359375
1 0.6484375 0.83125 0.015625 0.06953125
0 0.8046875 0.84609375 0.01875 0.05078125
5 0.496875 0.82734375 0.02265625 0.04375
1 0.7265625 0.83671875 0.01875 0.07734375
9 0.60390625 0.83046875 0.02109375 0.06796875
2 0.68046875 0.83515625 0.02265625 0.06953125
3 0.528125 0.8265625 0.025 0.06015625
2 0.453125 0.828125 0.0203125 0.05625
3 0.87109375 0.83984375 0.03203125 0.07578125
5 0.75859375 0.83515625 0.0296875 0.05078125
8 0.94921875 0.8390625 0.034375 0.05859375