0 0.8234375 0.84140625 0.0140625 0.0265625
0 0.8546875 0.8421875 0.01640625 0.028125
0 0.7015625 0.840625 0.015625 0.03203125
0 0.59453125 0.840625 0.015625 0.04375
1 0.7484375 0.83515625 0.01796875 0.06953125
2 0.47421875 0.83125 0.02734375 0.0625
8 0.95859375 0.83359375 0.02734375 0.0640625
1 0.92890625 0.83359375 0.015625 0.06015625
5 0.77890625 0.83515625 0.0234375 0.03984375
4 0.88515625 0.8390625 0.01796875 0.05859375
1 0.67109375 0.83359375 0.01875 0.06796875
7 0.5171875 0.82421875 0.0296875 0.07890625
7 0.55078125 0.82734375 0.02734375 0.08125
2 0.62734375 0.83203125 0.0234375 0.0640625