0 0.85703125 0.853125 0.0140625 0.02265625
0 0.8265625 0.8515625 0.0140625 0.02421875
3 0.61953125 0.84140625 0.025 0.06015625
0 0.6984375 0.85 0.0140625 0.028125
5 0.9703125 0.846875 0.0234375 0.04140625
5 0.77734375 0.84453125 0.0234375 0.03984375
1 0.74609375 0.84453125 0.01640625 0.0625
1 0.9375 0.8484375 0.015625 0.05859375
4 0.88984375 0.846875 0.015625 0.05625
1 0.6671875 0.84375 0.01796875 0.05625
2 0.46171875 0.840625 0.01875 0.06953125
2 0.540625 0.84140625 0.01875 0.06015625
8 0.5078125 0.84140625 0.025 0.06796875
0 0.58515625 0.84765625 0.0171875 0.028125