0 0.83125 0.859375 0.0140625 0.028125
1 0.5890625 0.85 0.015625 0.0625
0 0.94296875 0.859375 0.01171875 0.028125
1 0.8625 0.853125 0.015625 0.05625
1 0.62109375 0.85078125 0.01796875 0.06015625
8 0.50625 0.84609375 0.0296875 0.0625
5 0.97578125 0.8515625 0.02265625 0.03984375
1 0.7484375 0.8515625 0.0140625 0.06640625
2 0.4609375 0.85 0.0234375 0.0625
2 0.54140625 0.8484375 0.0203125 0.0625
7 0.70078125 0.85 0.02734375 0.06640625
6 0.89375 0.85 0.02109375 0.0546875
2 0.66796875 0.85078125 0.0234375 0.06015625
5 0.78125 0.85078125 0.02265625 0.04140625