0 0.84140625 0.85625 0.015625 0.0265625
0 0.6546875 0.84921875 0.0140625 0.0265625
0 0.809375 0.8546875 0.0140625 0.0265625
1 0.73203125 0.84921875 0.01640625 0.06015625
5 0.76328125 0.84609375 0.0234375 0.04375
1 0.57890625 0.84453125 0.01875 0.06640625
3 0.6859375 0.8453125 0.0265625 0.06015625
6 0.87109375 0.84609375 0.0265625 0.0625
2 0.4578125 0.8390625 0.02265625 0.0625
8 0.95 0.85 0.0265625 0.0625
8 0.9171875 0.846875 0.02734375 0.06015625
2 0.609375 0.83984375 0.0234375 0.05625
6 0.53203125 0.8375 0.0234375 0.0640625
7 0.5015625 0.83671875 0.02890625 0.06640625