0 0.81015625 0.8765625 0.0109375 0.02421875
0 0.840625 0.8765625 0.0140625 0.028125
0 0.58046875 0.8671875 0.01328125 0.03203125
5 0.76328125 0.86484375 0.0234375 0.04375
1 0.87265625 0.86953125 0.01640625 0.06015625
1 0.91796875 0.871875 0.0140625 0.05625
1 0.73125 0.86328125 0.01328125 0.06953125
2 0.9484375 0.87265625 0.0203125 0.05859375
8 0.50390625 0.85859375 0.0234375 0.06796875
3 0.534375 0.85859375 0.0234375 0.0640625
2 0.46015625 0.8609375 0.0203125 0.0734375
2 0.65625 0.86328125 0.02109375 0.0734375
7 0.68671875 0.86015625 0.0265625 0.06796875
3 0.61015625 0.8625 0.02734375 0.06796875