0 0.66015625 0.86484375 0.0109375 0.0359375
0 0.8140625 0.8671875 0.01171875 0.03203125
0 0.58359375 0.86328125 0.01171875 0.03984375
1 0.95234375 0.8609375 0.0140625 0.06953125
2 0.46171875 0.853125 0.01875 0.07578125
8 0.50625 0.85390625 0.025 0.0734375
2 0.53828125 0.853125 0.01875 0.06796875
1 0.7359375 0.859375 0.01328125 0.07734375
2 0.8453125 0.86015625 0.01875 0.0640625
5 0.76796875 0.8578125 0.02109375 0.046875
3 0.6140625 0.8546875 0.0234375 0.06796875
8 0.92265625 0.8609375 0.0234375 0.0734375
7 0.68984375 0.85625 0.025 0.0828125
2 0.8765625 0.8640625 0.0203125 0.06796875