2 0.53984375 0.86953125 0.02734375 0.071875
8 0.50859375 0.86796875 0.02734375 0.06796875
0 0.80859375 0.8734375 0.0203125 0.04140625
2 0.46640625 0.87109375 0.0234375 0.06953125
9 0.9484375 0.85625 0.0234375 0.071875
5 0.76328125 0.86484375 0.0265625 0.05859375
3 0.68671875 0.86796875 0.03125 0.06796875
1 0.7328125 0.86875 0.025 0.0734375
1 0.84140625 0.8640625 0.02109375 0.071875
1 0.5828125 0.87109375 0.025 0.06953125
6 0.91640625 0.8578125 0.0296875 0.0734375
1 0.6578125 0.86953125 0.02265625 0.071875
7 0.6140625 0.86796875 0.034375 0.071875
3 0.871875 0.86328125 0.0296875 0.06953125