0 0.82890625 0.83515625 0.0140625 0.028125
2 0.4703125 0.84140625 0.01875 0.0640625
1 0.62578125 0.83359375 0.015625 0.0640625
0 0.5953125 0.8421875 0.01171875 0.03203125
7 0.515625 0.83984375 0.0265625 0.06796875
5 0.703125 0.83203125 0.02265625 0.04140625
1 0.75 0.83203125 0.01875 0.0640625
7 0.5484375 0.8375 0.025 0.06796875
4 0.93515625 0.82578125 0.01796875 0.0546875
2 0.96640625 0.82265625 0.0203125 0.05625
5 0.78125 0.828125 0.02265625 0.04140625
2 0.859375 0.82734375 0.02109375 0.05859375
2 0.88984375 0.8265625 0.02265625 0.05625
2 0.67109375 0.8328125 0.02265625 0.06640625