0 0.58359375 0.84921875 0.01796875 0.0375
0 0.83359375 0.83984375 0.015625 0.03046875
1 0.865625 0.83046875 0.0140625 0.0640625
5 0.7828125 0.83515625 0.025 0.04375
1 0.74921875 0.83671875 0.01796875 0.0734375
2 0.98203125 0.8265625 0.01875 0.05625
2 0.45390625 0.84375 0.02890625 0.07578125
9 0.9484375 0.828125 0.02109375 0.06015625
3 0.61796875 0.83984375 0.03125 0.06796875
3 0.534375 0.840625 0.02890625 0.06640625
2 0.66640625 0.84140625 0.025 0.07578125
9 0.89921875 0.828125 0.0203125 0.06015625
8 0.5 0.83984375 0.03359375 0.071875
7 0.7 0.83515625 0.02890625 0.06953125