0 0.78984375 0.88671875 0.01328125 0.03359375
0 0.66171875 0.871875 0.01640625 0.03046875
0 0.853125 0.89375 0.015625 0.03203125
1 0.82109375 0.88359375 0.01875 0.06953125
5 0.74296875 0.87265625 0.0234375 0.04375
0 0.5859375 0.86015625 0.015625 0.03359375
1 0.71015625 0.86953125 0.01796875 0.071875
1 0.55546875 0.85078125 0.01796875 0.0640625
4 0.940625 0.896875 0.01875 0.06953125
8 0.48203125 0.8390625 0.02890625 0.0734375
2 0.5140625 0.8453125 0.02265625 0.06015625
2 0.44140625 0.83984375 0.0203125 0.06796875
2 0.90625 0.89375 0.0234375 0.0734375
2 0.63125 0.85859375 0.02109375 0.071875