0 0.5859375 0.83984375 0.0140625 0.03046875
0 0.81640625 0.8421875 0.015625 0.03203125
1 0.7375 0.83359375 0.015625 0.0640625
5 0.76875 0.8328125 0.025 0.04375
2 0.69375 0.83203125 0.0265625 0.0640625
1 0.84609375 0.83515625 0.015625 0.0625
2 0.6625 0.8328125 0.02734375 0.06953125
3 0.6171875 0.83125 0.0296875 0.06640625
8 0.50859375 0.828125 0.02890625 0.06015625
2 0.4640625 0.83046875 0.02109375 0.0640625
3 0.5421875 0.82890625 0.02734375 0.05859375
8 0.8765625 0.8328125 0.0265625 0.0625
2 0.92265625 0.8375 0.0234375 0.0640625
7 0.9515625 0.83671875 0.02265625 0.0625