0 0.6046875 0.84453125 0.01640625 0.03203125
1 0.7296875 0.8390625 0.01875 0.0625
1 0.65 0.8359375 0.01875 0.0640625
0 0.81171875 0.8421875 0.01171875 0.02421875
0 0.84453125 0.8421875 0.015625 0.02421875
5 0.7625 0.8375 0.02265625 0.0375
7 0.6828125 0.8328125 0.0296875 0.06953125
7 0.4953125 0.8390625 0.03125 0.0625
1 0.5734375 0.840625 0.0203125 0.06640625
7 0.8765625 0.83515625 0.02734375 0.0625
2 0.95859375 0.8359375 0.01875 0.0640625
2 0.45 0.840625 0.02109375 0.0625
6 0.52578125 0.83984375 0.025 0.0640625
8 0.92578125 0.8328125 0.025 0.05859375