0 0.8234375 0.84921875 0.0140625 0.03046875
0 0.7484375 0.85078125 0.0140625 0.03046875
0 0.59140625 0.85 0.01328125 0.03203125
1 0.66875 0.8421875 0.01640625 0.06953125
4 0.92890625 0.8390625 0.01640625 0.05859375
4 0.85390625 0.84375 0.0203125 0.05625
1 0.77890625 0.84453125 0.01796875 0.0625
4 0.62265625 0.8421875 0.01640625 0.06640625
1 0.9578125 0.8390625 0.015625 0.05859375
2 0.46640625 0.8390625 0.02265625 0.06640625
5 0.7015625 0.840625 0.025 0.046875
3 0.54453125 0.8390625 0.025 0.06640625
2 0.88359375 0.8421875 0.02265625 0.05859375
8 0.5125 0.83671875 0.025 0.06640625