0 0.6265625 0.75390625 0.01171875 0.028125
0 0.76015625 0.74140625 0.0109375 0.02265625
0 0.55703125 0.7609375 0.01171875 0.028125
1 0.69375 0.7453125 0.015625 0.05625
9 0.81171875 0.73046875 0.01640625 0.04921875
2 0.85 0.72890625 0.01640625 0.05078125
3 0.65234375 0.7453125 0.02109375 0.05625
2 0.4453125 0.759375 0.01640625 0.0625
5 0.87578125 0.72578125 0.01796875 0.0359375
5 0.7203125 0.7390625 0.01875 0.03984375
3 0.5140625 0.75390625 0.02109375 0.05859375
8 0.4859375 0.75625 0.0203125 0.0640625
2 0.584375 0.75078125 0.01875 0.0640625