0 0.8265625 0.85078125 0.01640625 0.0265625
0 0.56015625 0.82734375 0.0109375 0.03203125
4 0.85859375 0.8484375 0.01640625 0.05859375
5 0.74609375 0.83359375 0.0234375 0.04140625
4 0.90703125 0.85078125 0.01640625 0.06015625
0 0.79453125 0.8484375 0.015625 0.02421875
1 0.7140625 0.83359375 0.01875 0.0640625
6 0.93828125 0.846875 0.0234375 0.0640625
9 0.6671875 0.8234375 0.01796875 0.06640625
2 0.515625 0.81796875 0.01875 0.06640625
2 0.440625 0.8125 0.01640625 0.06953125
8 0.48359375 0.8140625 0.02265625 0.06953125
2 0.63671875 0.82734375 0.02109375 0.06953125
7 0.590625 0.8234375 0.0234375 0.06953125