0 0.8296875 0.84609375 0.0234375 0.05078125
0 0.5359375 0.8390625 0.02109375 0.046875
2 0.86640625 0.83984375 0.03203125 0.07578125
2 0.403125 0.83046875 0.02734375 0.08671875
6 0.571875 0.83515625 0.034375 0.0734375
0 0.79375 0.84609375 0.02109375 0.04375
1 0.62265625 0.83984375 0.0234375 0.071875
3 0.4875 0.83125 0.03203125 0.08515625
5 0.4515625 0.8328125 0.02890625 0.06640625
6 0.65546875 0.8375 0.03203125 0.07578125
7 0.91640625 0.83984375 0.04140625 0.07578125
1 0.953125 0.84140625 0.025 0.07578125
1 0.7078125 0.84140625 0.02265625 0.071875
5 0.74296875 0.83671875 0.03125 0.0546875