1 0.946875 0.84921875 0.015625 0.0640625
0 0.80859375 0.85 0.01171875 0.028125
1 0.73203125 0.84140625 0.0140625 0.06015625
3 0.91640625 0.84609375 0.02265625 0.06640625
7 0.50625 0.83125 0.02734375 0.06640625
1 0.8390625 0.84375 0.015625 0.06015625
5 0.7625 0.83984375 0.0203125 0.04140625
1 0.58203125 0.8375 0.01640625 0.06015625
2 0.4640625 0.8328125 0.02265625 0.06640625
6 0.5359375 0.83125 0.0203125 0.06640625
5 0.6859375 0.8375 0.0203125 0.0375
2 0.6546875 0.83671875 0.02109375 0.0625
2 0.6125 0.8375 0.02265625 0.06015625
7 0.86953125 0.84375 0.02734375 0.071875