0 0.83828125 0.8390625 0.0140625 0.028125
0 0.86953125 0.83984375 0.015625 0.03359375
4 0.98046875 0.83046875 0.015625 0.05625
5 0.790625 0.8328125 0.0265625 0.04375
1 0.59609375 0.83515625 0.01796875 0.06640625
1 0.6765625 0.83515625 0.01796875 0.06640625
1 0.7578125 0.83515625 0.01796875 0.06953125
2 0.5484375 0.83359375 0.0234375 0.06796875
2 0.62890625 0.8359375 0.02734375 0.06796875
6 0.9015625 0.83046875 0.025 0.05625
2 0.46640625 0.8328125 0.02109375 0.06953125
2 0.9484375 0.83046875 0.0234375 0.06015625
7 0.709375 0.82890625 0.02890625 0.0734375
8 0.5140625 0.83125 0.02734375 0.06953125