5 0.728125 0.67890625 0.01796875 0.03046875
2 0.8265625 0.6875 0.0203125 0.046875
4 0.753125 0.68671875 0.01328125 0.0375
1 0.7984375 0.68359375 0.015625 0.03984375
0 0.56015625 0.6734375 0.01328125 0.02265625
1 0.70078125 0.67890625 0.01796875 0.04921875
5 0.89609375 0.6921875 0.01796875 0.03046875
2 0.446875 0.65546875 0.02265625 0.04375
0 0.7703125 0.68984375 0.01171875 0.02109375
3 0.5171875 0.6625 0.02734375 0.04921875
1 0.63125 0.671875 0.0140625 0.0453125
5 0.4875 0.659375 0.02265625 0.03984375
4 0.5875 0.66953125 0.01328125 0.0453125
5 0.65859375 0.6734375 0.0203125 0.03359375
8 0.86875 0.69140625 0.0203125 0.04375