0 0.80234375 0.8484375 0.01171875 0.028125
0 0.64765625 0.84375 0.01171875 0.03046875
0 0.57109375 0.84140625 0.01171875 0.03046875
1 0.72578125 0.840625 0.015625 0.05859375
6 0.9109375 0.84140625 0.02265625 0.0640625
5 0.67890625 0.83671875 0.02265625 0.03984375
1 0.94375 0.84375 0.01875 0.0640625
2 0.45 0.8328125 0.01875 0.0625
2 0.83515625 0.840625 0.02265625 0.0625
5 0.75625 0.8390625 0.02109375 0.03984375
4 0.6015625 0.83671875 0.0140625 0.05859375
2 0.52578125 0.8328125 0.0203125 0.0625
8 0.49453125 0.83203125 0.02265625 0.0640625
7 0.865625 0.8421875 0.0265625 0.06640625