0 0.66328125 0.846875 0.01640625 0.03359375
0 0.5875 0.84609375 0.01796875 0.03984375
0 0.8453125 0.8515625 0.01171875 0.02421875
0 0.81640625 0.8515625 0.01328125 0.02421875
5 0.7703125 0.84375 0.0265625 0.0453125
5 0.8765625 0.8453125 0.02109375 0.0375
1 0.740625 0.84453125 0.01640625 0.0625
2 0.9515625 0.84609375 0.02109375 0.05859375
2 0.46640625 0.83515625 0.02265625 0.0625
9 0.61796875 0.8390625 0.0234375 0.0625
8 0.6953125 0.8390625 0.02890625 0.0546875
7 0.51015625 0.8328125 0.0296875 0.06640625
7 0.91953125 0.8453125 0.02734375 0.06015625
6 0.54140625 0.83515625 0.02265625 0.06640625