0 0.8515625 0.83984375 0.0140625 0.0265625
0 0.66640625 0.84375 0.01328125 0.0265625
0 0.81953125 0.8375 0.01328125 0.03046875
1 0.9265625 0.82890625 0.01640625 0.0625
5 0.77421875 0.83125 0.02265625 0.03984375
1 0.74375 0.8359375 0.01796875 0.0640625
8 0.95703125 0.82578125 0.0265625 0.06640625
2 0.54453125 0.8390625 0.02265625 0.0625
5 0.696875 0.83515625 0.02265625 0.03984375
1 0.62109375 0.8375 0.015625 0.06015625
1 0.590625 0.8390625 0.01640625 0.05859375
9 0.88125 0.828125 0.01875 0.06796875
2 0.46875 0.84375 0.02109375 0.06796875
8 0.51328125 0.83984375 0.02890625 0.07578125