0 0.909375 0.81953125 0.0140625 0.028125
0 0.61015625 0.83515625 0.015625 0.03203125
1 0.87890625 0.81484375 0.02265625 0.06015625
0 0.84765625 0.82421875 0.01640625 0.0265625
0 0.72109375 0.82890625 0.015625 0.03203125
4 0.9859375 0.8078125 0.015625 0.053125
1 0.76796875 0.81953125 0.01640625 0.06640625
5 0.7984375 0.8171875 0.0234375 0.04140625
2 0.48125 0.83359375 0.0203125 0.06796875
9 0.64140625 0.82265625 0.02109375 0.06015625
3 0.95546875 0.80859375 0.025 0.05859375
2 0.68828125 0.8234375 0.02109375 0.0625
8 0.528125 0.83125 0.025 0.06953125
2 0.56171875 0.83046875 0.02109375 0.06796875