0 0.6 0.84921875 0.0140625 0.03359375
0 0.85703125 0.83671875 0.0140625 0.028125
0 0.82734375 0.8375 0.01171875 0.0265625
0 0.93125 0.83203125 0.01171875 0.03046875
8 0.96015625 0.821875 0.025 0.05859375
1 0.753125 0.8359375 0.015625 0.06015625
1 0.6765625 0.83359375 0.015625 0.06015625
5 0.63125 0.8375 0.0203125 0.0453125
5 0.78203125 0.83203125 0.02109375 0.04140625
3 0.55390625 0.84140625 0.025 0.0640625
1 0.7078125 0.83515625 0.015625 0.05859375
2 0.8859375 0.82421875 0.01796875 0.06015625
2 0.47734375 0.84453125 0.01640625 0.06640625
8 0.52265625 0.84453125 0.0234375 0.06953125