0 0.85078125 0.8 0.015625 0.03046875
1 0.62578125 0.80078125 0.0203125 0.06953125
0 0.5921875 0.81015625 0.015625 0.0359375
5 0.96484375 0.7828125 0.0203125 0.0375
0 0.67890625 0.80625 0.01640625 0.03984375
1 0.7640625 0.7984375 0.01875 0.06796875
2 0.540625 0.80625 0.02109375 0.06953125
1 0.71328125 0.796875 0.01875 0.06640625
5 0.7984375 0.79453125 0.02265625 0.04140625
8 0.8828125 0.78671875 0.025 0.06015625
2 0.45625 0.8109375 0.02265625 0.071875
8 0.50546875 0.8078125 0.02734375 0.071875
7 0.915625 0.7859375 0.0234375 0.06640625