0 0.58828125 0.82734375 0.01171875 0.028125
4 0.70078125 0.81953125 0.015625 0.0546875
0 0.83046875 0.82578125 0.01328125 0.028125
5 0.78125 0.82109375 0.02265625 0.0375
2 0.4609375 0.82109375 0.01875 0.06015625
1 0.66796875 0.81953125 0.01640625 0.0546875
1 0.74921875 0.821875 0.015625 0.05859375
5 0.61953125 0.81875 0.02265625 0.0375
1 0.8625 0.81953125 0.015625 0.0546875
1 0.89609375 0.821875 0.015625 0.0546875
3 0.53984375 0.81796875 0.02265625 0.05859375
8 0.50703125 0.81796875 0.0234375 0.05859375
2 0.94375 0.82265625 0.0234375 0.0640625
8 0.97734375 0.81875 0.0234375 0.05625