0 0.80859375 0.8390625 0.01171875 0.028125
5 0.76171875 0.82890625 0.02109375 0.03984375
1 0.73125 0.83203125 0.0140625 0.06015625
1 0.57890625 0.8265625 0.01328125 0.06015625
1 0.946875 0.83671875 0.015625 0.0625
1 0.83828125 0.8328125 0.0140625 0.05859375
2 0.534375 0.8234375 0.01875 0.0625
2 0.46015625 0.821875 0.0203125 0.0625
5 0.6859375 0.8265625 0.02109375 0.0375
2 0.91640625 0.8359375 0.0203125 0.0640625
6 0.86953125 0.8328125 0.02265625 0.05859375
8 0.50390625 0.82109375 0.0234375 0.0640625
2 0.6546875 0.8265625 0.02109375 0.06015625
2 0.609375 0.8265625 0.02109375 0.06015625