0 0.81875 0.8234375 0.01875 0.03203125
0 0.696875 0.828125 0.015625 0.03046875
1 0.8484375 0.81640625 0.01875 0.05859375
0 0.590625 0.828125 0.01640625 0.03046875
2 0.92578125 0.809375 0.02734375 0.06796875
5 0.88046875 0.8109375 0.02265625 0.0453125
1 0.74296875 0.81953125 0.02109375 0.06640625
9 0.95390625 0.80859375 0.02265625 0.0625
1 0.6671875 0.81953125 0.0203125 0.0625
8 0.51640625 0.82421875 0.025 0.06015625
2 0.546875 0.82265625 0.02265625 0.0640625
2 0.47109375 0.82578125 0.01875 0.0625
5 0.7734375 0.81640625 0.0265625 0.046875
8 0.621875 0.81953125 0.0296875 0.0546875