0 0.67265625 0.83125 0.0140625 0.0359375
0 0.596875 0.83203125 0.01328125 0.03046875
0 0.8234375 0.83046875 0.01640625 0.03046875
4 0.55078125 0.82734375 0.015625 0.0625
4 0.9625 0.8234375 0.02265625 0.05859375
5 0.52109375 0.82421875 0.02265625 0.04140625
1 0.85390625 0.81953125 0.01796875 0.0625
3 0.6265625 0.82265625 0.025 0.06015625
6 0.77890625 0.8234375 0.02890625 0.06953125
9 0.7015625 0.82109375 0.0203125 0.06015625
6 0.88359375 0.82109375 0.025 0.0640625
1 0.74765625 0.82265625 0.01640625 0.06015625
2 0.47734375 0.8265625 0.02109375 0.06015625
7 0.93125 0.82109375 0.0296875 0.071875