0 0.8015625 0.8515625 0.015625 0.028125
0 0.56953125 0.8484375 0.01328125 0.028125
2 0.44765625 0.8390625 0.01875 0.0625
1 0.93671875 0.84375 0.01640625 0.0640625
1 0.72421875 0.84375 0.015625 0.06796875
1 0.83125 0.84609375 0.01796875 0.06640625
5 0.90703125 0.84375 0.0265625 0.04140625
4 0.678125 0.84453125 0.01796875 0.0625
2 0.64765625 0.840625 0.0234375 0.06640625
3 0.525 0.83671875 0.0265625 0.0625
8 0.4921875 0.8375 0.025 0.0640625
3 0.60078125 0.840625 0.02734375 0.06640625
5 0.75546875 0.840625 0.02265625 0.046875
7 0.86171875 0.84140625 0.02890625 0.071875