0 0.58046875 0.85078125 0.0109375 0.0265625
0 0.84375 0.85859375 0.0109375 0.02265625
2 0.94921875 0.85078125 0.02265625 0.05625
4 0.6890625 0.846875 0.01640625 0.05625
1 0.65859375 0.84609375 0.01875 0.0546875
9 0.6109375 0.84375 0.0203125 0.05625
5 0.76640625 0.84921875 0.02109375 0.0375
1 0.73515625 0.84921875 0.015625 0.05625
5 0.91875 0.85078125 0.02109375 0.0375
5 0.50390625 0.83984375 0.0203125 0.0375
2 0.459375 0.83984375 0.01875 0.05625
4 0.87265625 0.8515625 0.0140625 0.05078125
3 0.53515625 0.83984375 0.025 0.053125