0 0.84375 0.85546875 0.015625 0.02421875
0 0.8109375 0.853125 0.01640625 0.03046875
0 0.91875 0.8578125 0.015625 0.03203125
0 0.5796875 0.84453125 0.01171875 0.03203125
2 0.46015625 0.83515625 0.0203125 0.06953125
5 0.765625 0.84375 0.0234375 0.04140625
1 0.65625 0.83984375 0.015625 0.06796875
1 0.734375 0.84375 0.01640625 0.06796875
2 0.534375 0.8359375 0.01875 0.06796875
8 0.95 0.8484375 0.02890625 0.06640625
9 0.6875 0.8390625 0.01796875 0.06640625
7 0.8734375 0.84921875 0.025 0.0640625
7 0.6109375 0.8375 0.0265625 0.06796875
8 0.503125 0.83515625 0.025 0.0734375