0 0.81171875 0.85546875 0.01875 0.03203125
0 0.65625 0.85 0.0140625 0.03203125
0 0.58046875 0.84609375 0.01328125 0.03203125
2 0.459375 0.83515625 0.0234375 0.06953125
1 0.73359375 0.8453125 0.01796875 0.06796875
1 0.6109375 0.840625 0.01875 0.06640625
5 0.76484375 0.846875 0.02734375 0.0453125
2 0.91953125 0.85 0.025 0.06640625
7 0.6890625 0.8421875 0.0296875 0.06953125
7 0.534375 0.8359375 0.0265625 0.07578125
8 0.9515625 0.85 0.03125 0.0625
1 0.8421875 0.85078125 0.02265625 0.06796875
7 0.50234375 0.83125 0.02890625 0.07734375
7 0.8734375 0.8515625 0.03203125 0.06953125