0 0.84921875 0.8375 0.015625 0.03359375
0 0.578125 0.83515625 0.01328125 0.0359375
0 0.6890625 0.83671875 0.015625 0.03203125
0 0.81640625 0.8359375 0.0140625 0.03046875
5 0.76875 0.82734375 0.0234375 0.04375
1 0.73671875 0.83046875 0.01640625 0.071875
2 0.45234375 0.82734375 0.01640625 0.06953125
2 0.53125 0.82734375 0.02109375 0.06953125
2 0.928125 0.83125 0.02265625 0.0625
7 0.959375 0.828125 0.0265625 0.0640625
6 0.88046875 0.8265625 0.025 0.05625
8 0.4984375 0.82734375 0.025 0.0734375
8 0.61015625 0.82578125 0.025 0.06953125
2 0.65625 0.8265625 0.0203125 0.071875