0 0.81953125 0.853125 0.015625 0.0265625
1 0.8515625 0.84609375 0.01640625 0.0625
1 0.74140625 0.84375 0.01796875 0.0640625
1 0.5875 0.83984375 0.0203125 0.0640625
3 0.696875 0.8375 0.02734375 0.0640625
2 0.66484375 0.8390625 0.02734375 0.06953125
6 0.91484375 0.84453125 0.02265625 0.0625
2 0.8828125 0.84453125 0.02265625 0.05859375
2 0.61875 0.8375 0.02890625 0.0640625
9 0.94609375 0.84375 0.0203125 0.05625
2 0.4640625 0.83359375 0.01875 0.071875
2 0.54296875 0.83671875 0.0234375 0.0625
5 0.7734375 0.84140625 0.02734375 0.0453125
8 0.509375 0.83359375 0.0265625 0.071875