0 0.8453125 0.8390625 0.0140625 0.02421875
0 0.81484375 0.83984375 0.01328125 0.02265625
4 0.87578125 0.83203125 0.015625 0.05625
0 0.5859375 0.84375 0.01328125 0.03046875
5 0.509375 0.8375 0.0234375 0.04140625
7 0.9515625 0.83125 0.02265625 0.0625
0 0.6921875 0.84140625 0.01328125 0.03359375
1 0.7390625 0.8328125 0.015625 0.06640625
5 0.76875 0.83203125 0.0234375 0.04140625
1 0.615625 0.8375 0.0140625 0.0640625
4 0.53984375 0.83984375 0.015625 0.0640625
2 0.46640625 0.8390625 0.02265625 0.0625
2 0.6609375 0.8375 0.0203125 0.06796875
7 0.92109375 0.83125 0.02265625 0.0625