3 0.90234375 0.88359375 0.0234375 0.05859375
1 0.8578125 0.88203125 0.01796875 0.0546875
0 0.5640625 0.88359375 0.01328125 0.0359375
0 0.796875 0.8859375 0.01796875 0.0359375
5 0.74921875 0.8765625 0.02265625 0.04375
0 0.66953125 0.8828125 0.01796875 0.03359375
1 0.828125 0.8828125 0.01796875 0.053125
1 0.71796875 0.878125 0.01875 0.06953125
6 0.59375 0.8734375 0.025 0.06015625
4 0.51796875 0.87578125 0.01640625 0.06015625
2 0.446875 0.871875 0.01796875 0.0640625
5 0.490625 0.87265625 0.02109375 0.046875
2 0.63984375 0.87734375 0.02265625 0.0640625