0 0.84765625 0.82734375 0.01171875 0.02421875
0 0.58828125 0.8328125 0.01171875 0.028125
1 0.95859375 0.81875 0.015625 0.0640625
0 0.81796875 0.828125 0.0140625 0.0265625
1 0.74140625 0.82421875 0.015625 0.05625
5 0.77109375 0.821875 0.02109375 0.03984375
5 0.5140625 0.828125 0.02109375 0.04140625
4 0.87890625 0.82109375 0.015625 0.06015625
2 0.66484375 0.8234375 0.01796875 0.0546875
3 0.54453125 0.82578125 0.02265625 0.05859375
2 0.46875 0.83046875 0.01640625 0.06015625
5 0.61953125 0.82421875 0.0203125 0.0375
9 0.69453125 0.82109375 0.01796875 0.06015625
7 0.925 0.82109375 0.0234375 0.06796875