0 0.66015625 0.853125 0.01796875 0.03359375
0 0.81484375 0.85625 0.01796875 0.03046875
0 0.58515625 0.85 0.01796875 0.0359375
2 0.465625 0.84140625 0.0234375 0.071875
1 0.8453125 0.84921875 0.0140625 0.06015625
1 0.92265625 0.85390625 0.01640625 0.0625
1 0.7375 0.85 0.01796875 0.06640625
5 0.76875 0.846875 0.0265625 0.0453125
8 0.69140625 0.84609375 0.03125 0.05859375
6 0.953125 0.85078125 0.0203125 0.05625
2 0.54140625 0.84140625 0.0265625 0.06796875
8 0.509375 0.84140625 0.02890625 0.06796875
3 0.61640625 0.84375 0.02890625 0.06015625
9 0.8765625 0.8484375 0.0203125 0.05859375