0 0.67109375 0.8359375 0.01171875 0.03046875
0 0.8265625 0.83125 0.01328125 0.03203125
0 0.59453125 0.8375 0.01328125 0.03046875
1 0.62421875 0.83125 0.01796875 0.0625
1 0.74765625 0.828125 0.01640625 0.0640625
4 0.8890625 0.8234375 0.01796875 0.05859375
5 0.515625 0.8328125 0.0234375 0.04375
4 0.54609375 0.83046875 0.015625 0.0640625
2 0.965625 0.81796875 0.02109375 0.05859375
3 0.7015625 0.82734375 0.025 0.06640625
2 0.46953125 0.83203125 0.0203125 0.05625
9 0.934375 0.8171875 0.02109375 0.06015625
2 0.85703125 0.82265625 0.01875 0.06015625
2 0.7796875 0.82578125 0.02109375 0.06640625