0 0.83125 0.796875 0.01640625 0.028125
0 0.5390625 0.80859375 0.015625 0.0359375
0 0.7953125 0.79921875 0.0140625 0.028125
5 0.74140625 0.7921875 0.0234375 0.0453125
1 0.70625 0.796875 0.0203125 0.06640625
9 0.95859375 0.778125 0.0234375 0.06640625
2 0.62109375 0.7984375 0.02265625 0.071875
3 0.65625 0.7953125 0.02734375 0.0625
2 0.41484375 0.8078125 0.0203125 0.071875
8 0.459375 0.8046875 0.0234375 0.0734375
4 0.86640625 0.78671875 0.01875 0.0640625
1 0.92109375 0.7828125 0.01796875 0.06796875
8 0.57265625 0.7984375 0.0265625 0.06796875
2 0.4921875 0.8015625 0.02265625 0.06796875