0 0.82734375 0.84609375 0.0140625 0.03203125
0 0.8875 0.84609375 0.01328125 0.03203125
0 0.93515625 0.84453125 0.01328125 0.03203125
1 0.9640625 0.83671875 0.0140625 0.06640625
1 0.7484375 0.84140625 0.01640625 0.06796875
2 0.5484375 0.83671875 0.0203125 0.0625
1 0.6234375 0.8375 0.01640625 0.0640625
5 0.70234375 0.8390625 0.02109375 0.04375
1 0.59375 0.8390625 0.01640625 0.0625
2 0.85625 0.8359375 0.0203125 0.0640625
2 0.47109375 0.8375 0.0203125 0.0640625
5 0.77890625 0.8375 0.0203125 0.04140625
2 0.67109375 0.83671875 0.0203125 0.06640625
8 0.51640625 0.83515625 0.02734375 0.0625