0 0.83359375 0.846875 0.01875 0.03359375
0 0.803125 0.846875 0.0203125 0.0375
2 0.86640625 0.840625 0.0265625 0.06640625
0 0.678125 0.85 0.01796875 0.03203125
0 0.5984375 0.8453125 0.01875 0.03359375
1 0.9140625 0.8421875 0.02265625 0.06953125
1 0.725 0.8421875 0.02109375 0.0734375
1 0.56875 0.83984375 0.02265625 0.071875
3 0.64609375 0.8375 0.0296875 0.0640625
6 0.52265625 0.83671875 0.0265625 0.06640625
5 0.75625 0.8390625 0.025 0.046875
6 0.94375 0.8390625 0.025 0.06640625
2 0.446875 0.8375 0.02734375 0.07578125
7 0.49140625 0.83671875 0.03203125 0.06640625