5 0.98984375 0.8171875 0.0203125 0.04140625
0 0.68671875 0.82578125 0.0140625 0.03203125
0 0.8484375 0.82421875 0.01328125 0.0265625
4 0.9109375 0.81640625 0.01796875 0.0546875
3 0.959375 0.81640625 0.0265625 0.05859375
0 0.60703125 0.82578125 0.0140625 0.0359375
1 0.87890625 0.8171875 0.01640625 0.05625
1 0.76640625 0.81875 0.01640625 0.06796875
2 0.48046875 0.82265625 0.0203125 0.07578125
5 0.7984375 0.8171875 0.0234375 0.04140625
1 0.63828125 0.81875 0.01640625 0.0640625
7 0.71953125 0.8171875 0.02734375 0.06796875
8 0.52578125 0.82109375 0.025 0.06796875
2 0.55859375 0.821875 0.02109375 0.06640625