0 0.59765625 0.8375 0.0140625 0.03359375
0 0.8265625 0.828125 0.01796875 0.0375
0 0.7046875 0.83359375 0.01640625 0.03046875
1 0.6734375 0.82890625 0.0203125 0.05859375
4 0.85625 0.82265625 0.01875 0.06015625
2 0.478125 0.8359375 0.0203125 0.06796875
1 0.75078125 0.82578125 0.0203125 0.06953125
2 0.88828125 0.81875 0.02109375 0.06015625
8 0.52109375 0.83125 0.0265625 0.0625
5 0.9640625 0.81640625 0.02109375 0.046875
3 0.553125 0.83046875 0.02734375 0.0640625
3 0.62890625 0.83046875 0.0265625 0.06796875
5 0.78046875 0.821875 0.025 0.05078125
4 0.93359375 0.81875 0.01640625 0.06015625