0 0.85859375 0.83984375 0.0140625 0.0265625
0 0.82890625 0.83984375 0.01171875 0.0265625
1 0.63828125 0.83203125 0.01640625 0.0640625
1 0.7125 0.83359375 0.015625 0.0640625
1 0.6078125 0.8328125 0.01796875 0.0625
1 0.75546875 0.83359375 0.015625 0.06015625
2 0.48671875 0.8328125 0.02109375 0.06953125
9 0.95703125 0.828125 0.01875 0.053125
2 0.56328125 0.83203125 0.02109375 0.0640625
8 0.53125 0.82890625 0.02890625 0.06953125
5 0.784375 0.83203125 0.02109375 0.04140625
1 0.6828125 0.8328125 0.015625 0.0625
8 0.92890625 0.82890625 0.0234375 0.05859375
2 0.8875 0.83203125 0.0203125 0.0640625