0 0.821875 0.8359375 0.01328125 0.03046875
0 0.92890625 0.83359375 0.01171875 0.03046875
0 0.58828125 0.83671875 0.01171875 0.028125
1 0.9578125 0.82734375 0.01328125 0.06640625
1 0.88359375 0.8265625 0.01640625 0.05625
1 0.74140625 0.82890625 0.0140625 0.0625
1 0.85234375 0.828125 0.01640625 0.06015625
5 0.77421875 0.828125 0.02265625 0.0453125
5 0.5109375 0.82734375 0.02265625 0.03984375
3 0.54296875 0.82578125 0.0265625 0.05859375
2 0.4671875 0.828125 0.01796875 0.053125
2 0.665625 0.82890625 0.01875 0.05859375
5 0.61953125 0.828125 0.0203125 0.04140625
2 0.696875 0.82890625 0.0203125 0.05859375