0 0.5890625 0.8546875 0.01328125 0.03046875
0 0.85078125 0.8484375 0.015625 0.02421875
0 0.81953125 0.84609375 0.01328125 0.028125
1 0.7421875 0.84609375 0.01796875 0.0625
5 0.7734375 0.8421875 0.02265625 0.03984375
6 0.9546875 0.83515625 0.0234375 0.0546875
3 0.5421875 0.8453125 0.025 0.0640625
5 0.69609375 0.8421875 0.0234375 0.04375
2 0.665625 0.8421875 0.02109375 0.06640625
4 0.61875 0.84453125 0.0140625 0.0625
8 0.5109375 0.8453125 0.0234375 0.071875
2 0.88046875 0.8390625 0.0203125 0.0546875
2 0.46640625 0.8484375 0.0203125 0.06953125
3 0.925 0.8359375 0.0234375 0.05625