0 0.85546875 0.83515625 0.01328125 0.02421875
0 0.59375 0.84140625 0.0140625 0.03359375
5 0.77890625 0.82890625 0.02109375 0.03984375
4 0.7015625 0.83125 0.01796875 0.0625
1 0.7484375 0.83046875 0.01796875 0.0640625
1 0.6234375 0.8328125 0.01875 0.06640625
8 0.8859375 0.82421875 0.0265625 0.053125
2 0.47109375 0.83671875 0.01875 0.06953125
8 0.515625 0.8359375 0.0234375 0.071875
2 0.5484375 0.83515625 0.0203125 0.06640625
4 0.93125 0.8265625 0.01796875 0.05625
6 0.96015625 0.82109375 0.02265625 0.05625
2 0.66953125 0.83046875 0.02265625 0.06015625