0 0.590625 0.78515625 0.0140625 0.03046875
0 0.65703125 0.77578125 0.01171875 0.03046875
1 0.61875 0.77578125 0.015625 0.0640625
1 0.78515625 0.75 0.015625 0.05859375
1 0.89375 0.74375 0.01171875 0.053125
1 0.68359375 0.76484375 0.0140625 0.0625
5 0.7484375 0.759375 0.01796875 0.03984375
1 0.72265625 0.76328125 0.0140625 0.0625
3 0.5484375 0.78203125 0.0234375 0.06640625
3 0.87109375 0.74375 0.0203125 0.05625
2 0.47890625 0.7921875 0.01796875 0.06796875
3 0.809375 0.7484375 0.01875 0.05078125
8 0.52109375 0.7828125 0.02265625 0.06796875
3 0.834375 0.74609375 0.01875 0.05078125