0 0.8359375 0.8546875 0.01640625 0.0265625
0 0.915625 0.8578125 0.0140625 0.028125
0 0.803125 0.85390625 0.015625 0.02421875
2 0.946875 0.8484375 0.025 0.05859375
1 0.72421875 0.84609375 0.01796875 0.0625
0 0.56875 0.846875 0.01328125 0.03046875
4 0.59921875 0.84140625 0.015625 0.06015625
5 0.75625 0.84453125 0.0234375 0.03984375
3 0.67890625 0.84140625 0.0265625 0.06015625
2 0.44609375 0.8390625 0.01875 0.0734375
2 0.64609375 0.84140625 0.0203125 0.0640625
3 0.5234375 0.8375 0.025 0.0640625
3 0.86796875 0.84609375 0.02890625 0.05859375
8 0.49140625 0.8390625 0.025 0.0734375