0 0.58125 0.8390625 0.0140625 0.03203125
0 0.68828125 0.840625 0.0140625 0.028125
0 0.8125 0.84140625 0.01328125 0.0265625
1 0.84296875 0.8359375 0.0140625 0.06015625
5 0.95 0.8328125 0.02109375 0.04375
1 0.734375 0.83359375 0.01640625 0.06796875
1 0.65625 0.8328125 0.01796875 0.0625
1 0.91875 0.83671875 0.015625 0.06640625
5 0.76640625 0.83203125 0.02265625 0.0453125
6 0.61015625 0.83046875 0.02265625 0.0640625
6 0.8734375 0.83125 0.0203125 0.05859375
2 0.4609375 0.83046875 0.01875 0.06796875
2 0.53671875 0.83046875 0.02109375 0.0640625
8 0.50390625 0.83046875 0.0234375 0.06796875