0 0.671875 0.871875 0.01328125 0.0265625
0 0.86015625 0.86484375 0.01328125 0.028125
0 0.82890625 0.8671875 0.01328125 0.02421875
1 0.75078125 0.86484375 0.01796875 0.05859375
1 0.59375 0.8671875 0.01640625 0.05859375
0 0.890625 0.86640625 0.01171875 0.0265625
9 0.97109375 0.85546875 0.01796875 0.0546875
5 0.93828125 0.8578125 0.02109375 0.0359375
5 0.70390625 0.8625 0.02109375 0.04140625
2 0.546875 0.86796875 0.0203125 0.06015625
5 0.78203125 0.8609375 0.02109375 0.03984375
2 0.46953125 0.86875 0.0203125 0.0625
8 0.51484375 0.86796875 0.025 0.06015625