0 0.81171875 0.83515625 0.02109375 0.0359375
0 0.84375 0.83359375 0.0203125 0.03359375
0 0.58125 0.83046875 0.01640625 0.0375
1 0.65859375 0.82734375 0.02265625 0.07734375
1 0.95390625 0.83125 0.025 0.0734375
1 0.7359375 0.828125 0.0234375 0.07578125
3 0.68984375 0.8234375 0.02734375 0.06953125
2 0.45859375 0.82265625 0.025 0.06796875
1 0.6109375 0.82265625 0.0203125 0.06796875
7 0.92109375 0.82578125 0.0296875 0.06953125
7 0.5015625 0.81640625 0.0296875 0.08125
7 0.875 0.8265625 0.02890625 0.06796875
6 0.76796875 0.8265625 0.02890625 0.06796875
7 0.5359375 0.81875 0.0265625 0.07890625