0 0.8765625 0.840625 0.0140625 0.028125
0 0.815625 0.84140625 0.0140625 0.0265625
1 0.846875 0.8359375 0.02265625 0.06015625
4 0.68984375 0.83671875 0.01796875 0.0625
1 0.7359375 0.8359375 0.01640625 0.06796875
5 0.7671875 0.8328125 0.02265625 0.04375
1 0.6125 0.8328125 0.0203125 0.0625
1 0.58125 0.8359375 0.01875 0.0640625
2 0.45859375 0.83515625 0.02265625 0.06640625
6 0.534375 0.8328125 0.0234375 0.0625
4 0.9234375 0.83125 0.01796875 0.05859375
2 0.65859375 0.83359375 0.0234375 0.0640625
4 0.9546875 0.83203125 0.02109375 0.05625
7 0.503125 0.83203125 0.0296875 0.06796875