0 0.84140625 0.82734375 0.0140625 0.03203125
0 0.61875 0.83359375 0.0109375 0.0265625
1 0.9734375 0.8171875 0.0140625 0.05625
1 0.7671875 0.821875 0.015625 0.05859375
5 0.54375 0.82890625 0.02265625 0.03984375
1 0.87109375 0.81875 0.01328125 0.06015625
2 0.5 0.828125 0.02109375 0.05625
5 0.94453125 0.8171875 0.02265625 0.0375
4 0.5734375 0.82734375 0.015625 0.0625
6 0.79609375 0.82109375 0.02265625 0.0640625
4 0.6484375 0.82421875 0.015625 0.06015625
3 0.7234375 0.82265625 0.025 0.05625
2 0.6921875 0.8265625 0.01796875 0.0640625
9 0.90078125 0.8171875 0.01796875 0.06015625