0 0.834375 0.81953125 0.01875 0.0359375
0 0.58046875 0.8234375 0.01796875 0.0359375
1 0.6640625 0.81484375 0.015625 0.06796875
1 0.98125 0.8078125 0.015625 0.0640625
1 0.7484375 0.81796875 0.0234375 0.0734375
3 0.69765625 0.81328125 0.02890625 0.071875
2 0.9015625 0.8125 0.02890625 0.0625
1 0.8671875 0.8125 0.02265625 0.06640625
2 0.44921875 0.8171875 0.025 0.071875
3 0.53203125 0.81484375 0.02890625 0.071875
4 0.615625 0.81484375 0.02109375 0.06796875
5 0.7828125 0.8125 0.02734375 0.046875
7 0.946875 0.8078125 0.0296875 0.071875
8 0.49765625 0.8109375 0.02890625 0.071875