0 0.8734375 0.828125 0.0140625 0.0265625
0 0.68671875 0.83125 0.01875 0.0359375
0 0.60859375 0.83515625 0.01796875 0.03203125
0 0.84140625 0.83046875 0.01640625 0.0265625
5 0.97109375 0.81640625 0.025 0.04375
2 0.4875 0.8234375 0.0296875 0.05078125
5 0.79609375 0.81875 0.02734375 0.04921875
3 0.6421875 0.82421875 0.03203125 0.06796875
3 0.56640625 0.8265625 0.0296875 0.06015625
1 0.7640625 0.82421875 0.02265625 0.06796875
8 0.53125 0.82421875 0.03125 0.05625
6 0.71875 0.82109375 0.0296875 0.06015625
5 0.90859375 0.81796875 0.0265625 0.03984375
3 0.93984375 0.81484375 0.025 0.06796875