0 0.6609375 0.8421875 0.02265625 0.03984375
0 0.58359375 0.840625 0.0234375 0.04375
0 0.81640625 0.84609375 0.0203125 0.04375
2 0.4640625 0.83125 0.02734375 0.0734375
8 0.5078125 0.82890625 0.0296875 0.06640625
1 0.73671875 0.8390625 0.0234375 0.07734375
1 0.69140625 0.8359375 0.0234375 0.07578125
3 0.92421875 0.8453125 0.02734375 0.071875
3 0.95625 0.8453125 0.02890625 0.071875
3 0.84609375 0.84140625 0.0296875 0.07578125
5 0.76953125 0.83671875 0.0296875 0.05078125
4 0.87890625 0.84140625 0.02109375 0.0640625
2 0.540625 0.83125 0.02890625 0.06953125
8 0.61640625 0.83359375 0.03359375 0.06015625