4 0.875 0.8578125 0.0140625 0.06640625
0 0.81484375 0.8640625 0.015625 0.03046875
0 0.6578125 0.86015625 0.01328125 0.03359375
0 0.58125 0.85859375 0.01171875 0.03046875
1 0.84453125 0.8578125 0.01796875 0.05859375
5 0.76796875 0.8546875 0.0234375 0.04140625
1 0.7359375 0.85625 0.01640625 0.0640625
1 0.9515625 0.85546875 0.01796875 0.05859375
8 0.9203125 0.8515625 0.02890625 0.0546875
2 0.690625 0.853125 0.02109375 0.0640625
2 0.459375 0.846875 0.02109375 0.06796875
2 0.53515625 0.84921875 0.0203125 0.0640625
8 0.503125 0.84921875 0.02265625 0.071875
2 0.6125 0.8515625 0.0203125 0.06640625