0 0.5734375 0.84609375 0.01171875 0.0359375
1 0.95 0.84453125 0.0140625 0.06640625
0 0.6515625 0.84609375 0.015625 0.03203125
0 0.81015625 0.85078125 0.015625 0.03046875
1 0.840625 0.8453125 0.01640625 0.0640625
8 0.91875 0.84140625 0.02734375 0.0640625
5 0.7609375 0.8421875 0.02265625 0.04375
1 0.72890625 0.8421875 0.01796875 0.06640625
1 0.8734375 0.84453125 0.01796875 0.0625
2 0.44921875 0.83515625 0.01796875 0.06640625
7 0.4953125 0.8359375 0.0265625 0.071875
6 0.68125 0.8390625 0.02265625 0.06640625
7 0.52734375 0.8375 0.0234375 0.06796875
2 0.60546875 0.8390625 0.0203125 0.0625