1 0.8390625 0.840625 0.01796875 0.0625
0 0.91640625 0.8484375 0.01796875 0.03203125
0 0.80859375 0.846875 0.01328125 0.0265625
4 0.946875 0.84375 0.0203125 0.05625
1 0.7296875 0.8390625 0.0140625 0.06640625
5 0.7609375 0.8390625 0.02109375 0.03984375
2 0.45390625 0.83125 0.01796875 0.06953125
2 0.65234375 0.8375 0.02109375 0.06796875
7 0.60625 0.8359375 0.025 0.071875
8 0.49765625 0.83203125 0.0234375 0.07578125
2 0.5296875 0.83359375 0.01875 0.06796875
7 0.68359375 0.8359375 0.0234375 0.06796875