0 0.8265625 0.79140625 0.01796875 0.03203125
2 0.95234375 0.7765625 0.01875 0.05859375
1 0.8546875 0.7828125 0.01640625 0.05625
0 0.6078125 0.8015625 0.01796875 0.04140625
1 0.6390625 0.7921875 0.0203125 0.06796875
1 0.68125 0.7921875 0.01796875 0.06796875
5 0.7828125 0.78671875 0.025 0.04921875
7 0.5328125 0.79921875 0.025 0.0734375
1 0.75390625 0.78984375 0.01796875 0.06953125
7 0.56484375 0.79609375 0.02734375 0.07890625
2 0.49140625 0.79921875 0.0203125 0.0625
4 0.9234375 0.77734375 0.01640625 0.053125
3 0.88203125 0.78046875 0.0234375 0.0625
7 0.71015625 0.78984375 0.02734375 0.06640625