0 0.86953125 0.82734375 0.02265625 0.0359375
0 0.83671875 0.8265625 0.01640625 0.0375
0 0.61015625 0.8265625 0.01796875 0.0375
2 0.4921875 0.81796875 0.02734375 0.06953125
1 0.9 0.81640625 0.02109375 0.06640625
3 0.56875 0.81640625 0.02890625 0.0625
1 0.7609375 0.81796875 0.02109375 0.0734375
3 0.64296875 0.81875 0.03125 0.07578125
8 0.53359375 0.81328125 0.03203125 0.071875
9 0.9640625 0.81484375 0.025 0.06015625
2 0.68828125 0.81796875 0.02890625 0.07734375
5 0.79375 0.81328125 0.02890625 0.053125
2 0.71875 0.8171875 0.02890625 0.071875
8 0.93125 0.81484375 0.02734375 0.0640625