0 0.82109375 0.82890625 0.015625 0.03203125
0 0.66640625 0.83671875 0.01171875 0.028125
1 0.5875 0.8328125 0.015625 0.0625
9 0.9265625 0.81875 0.01875 0.05625
5 0.5109375 0.83125 0.0203125 0.03984375
5 0.77421875 0.82421875 0.0203125 0.04140625
5 0.95625 0.8171875 0.0203125 0.04140625
3 0.54140625 0.83046875 0.0234375 0.06015625
1 0.74375 0.82734375 0.01640625 0.0625
3 0.88125 0.81953125 0.0234375 0.05859375
2 0.46484375 0.82890625 0.01796875 0.0625
2 0.69609375 0.828125 0.02109375 0.0640625
2 0.61875 0.83125 0.02109375 0.0625