0 0.8140625 0.83671875 0.01328125 0.028125
0 0.84609375 0.8359375 0.015625 0.0265625
1 0.9234375 0.8328125 0.01796875 0.0625
0 0.68515625 0.8328125 0.01328125 0.028125
0 0.57265625 0.83046875 0.01171875 0.03046875
4 0.95546875 0.82890625 0.015625 0.05859375
1 0.73359375 0.828125 0.01640625 0.06796875
5 0.765625 0.82734375 0.0234375 0.04375
2 0.44765625 0.82109375 0.02109375 0.06015625
5 0.49375 0.81875 0.025 0.0453125
3 0.87734375 0.82890625 0.0265625 0.05859375
3 0.5265625 0.81875 0.0265625 0.06015625
2 0.65390625 0.82421875 0.01875 0.0640625
7 0.60546875 0.8234375 0.025 0.06953125