2 0.5546875 0.82578125 0.03359375 0.0734375
3 0.5546875 0.8234375 0.03359375 0.0734375
0 0.82109375 0.83984375 0.015625 0.0265625
1 0.51796875 0.82890625 0.02109375 0.07734375
6 0.4640625 0.82109375 0.02890625 0.06796875
0 0.78515625 0.8390625 0.015625 0.028125
5 0.73046875 0.83046875 0.02734375 0.04140625
5 0.8578125 0.8328125 0.0296875 0.04375
5 0.6421875 0.828125 0.0296875 0.0453125
1 0.6953125 0.83125 0.0234375 0.0734375
1 0.60625 0.82734375 0.02265625 0.07734375
3 0.94609375 0.83125 0.02890625 0.06640625
3 0.90859375 0.83046875 0.0296875 0.05625
2 0.3796875 0.8234375 0.0265625 0.0734375
7 0.428125 0.821875 0.034375 0.06953125