0 0.80859375 0.8359375 0.01640625 0.03359375
1 0.95 0.8265625 0.01640625 0.06015625
0 0.5765625 0.840625 0.015625 0.046875
5 0.8703125 0.82890625 0.0234375 0.05078125
1 0.68359375 0.83359375 0.01796875 0.06796875
1 0.83984375 0.82890625 0.01796875 0.06640625
2 0.45703125 0.83203125 0.02109375 0.06015625
1 0.7296875 0.83125 0.01875 0.06640625
5 0.76015625 0.828125 0.025 0.04921875
4 0.91640625 0.828125 0.0203125 0.0640625
2 0.6515625 0.83203125 0.025 0.06796875
2 0.60703125 0.83359375 0.0234375 0.0640625
7 0.49921875 0.82890625 0.02734375 0.07734375
7 0.53203125 0.82890625 0.0265625 0.07734375