0 0.840625 0.85625 0.01875 0.0375
0 0.81015625 0.85546875 0.01796875 0.0359375
0 0.58125 0.8546875 0.01875 0.04140625
2 0.4625 0.85 0.0203125 0.06953125
1 0.73515625 0.85078125 0.0203125 0.07578125
8 0.95 0.84453125 0.03359375 0.0625
5 0.76640625 0.846875 0.02890625 0.053125
1 0.6890625 0.8515625 0.0234375 0.07734375
8 0.50625 0.8453125 0.0265625 0.06796875
9 0.87265625 0.846875 0.02890625 0.071875
2 0.659375 0.84609375 0.0265625 0.07734375
7 0.91484375 0.846875 0.0296875 0.071875
2 0.53828125 0.846875 0.0234375 0.071875
8 0.6140625 0.8421875 0.0296875 0.06953125