0 0.8390625 0.8765625 0.015625 0.028125
0 0.80859375 0.87578125 0.0140625 0.03046875
1 0.94375 0.8734375 0.0140625 0.05625
0 0.58359375 0.86796875 0.009375 0.0265625
3 0.9140625 0.86953125 0.0234375 0.06015625
5 0.7640625 0.86640625 0.02265625 0.04140625
1 0.7328125 0.86875 0.015625 0.06640625
5 0.61328125 0.8609375 0.02109375 0.03984375
5 0.50859375 0.859375 0.01875 0.03984375
2 0.65859375 0.8609375 0.01796875 0.05859375
6 0.68828125 0.8625 0.0234375 0.05625
3 0.86875 0.86796875 0.025 0.06015625
2 0.46484375 0.85625 0.0203125 0.05625
4 0.53828125 0.859375 0.0140625 0.0625