0 0.8484375 0.84453125 0.01640625 0.028125
0 0.6640625 0.84609375 0.0140625 0.028125
0 0.81875 0.84453125 0.015625 0.028125
3 0.95390625 0.83515625 0.025 0.0625
3 0.92421875 0.8359375 0.025 0.06015625
5 0.771875 0.8375 0.02265625 0.04140625
3 0.8796875 0.8359375 0.02890625 0.05625
1 0.7421875 0.840625 0.01796875 0.05859375
1 0.5875 0.8421875 0.01328125 0.05859375
5 0.5109375 0.840625 0.0203125 0.03984375
9 0.69609375 0.8359375 0.0203125 0.06015625
2 0.46640625 0.8421875 0.01796875 0.0625
2 0.61796875 0.8390625 0.02109375 0.05859375
3 0.54296875 0.83984375 0.0234375 0.06015625