0 0.84609375 0.83515625 0.02109375 0.046875
0 0.5765625 0.83984375 0.01640625 0.04140625
0 0.81328125 0.83671875 0.02109375 0.046875
1 0.96015625 0.82578125 0.02265625 0.08515625
1 0.6890625 0.83046875 0.02265625 0.07890625
3 0.53203125 0.83125 0.03125 0.06953125
5 0.76640625 0.82421875 0.03125 0.053125
2 0.453125 0.8328125 0.02734375 0.06640625
3 0.87890625 0.8265625 0.03125 0.07578125
2 0.65625 0.82734375 0.02890625 0.06953125
1 0.73359375 0.82734375 0.025 0.08125
5 0.49765625 0.83125 0.02890625 0.0546875
7 0.925 0.81875 0.0359375 0.08671875
7 0.60859375 0.83046875 0.0296875 0.07578125