0 0.5765625 0.83515625 0.01640625 0.0359375
0 0.8078125 0.84140625 0.015625 0.03359375
0 0.65390625 0.83671875 0.01640625 0.03203125
1 0.8703125 0.83984375 0.01640625 0.05625
1 0.68515625 0.83203125 0.01796875 0.0640625
1 0.73046875 0.83515625 0.01796875 0.06953125
5 0.7609375 0.8328125 0.02265625 0.046875
3 0.8390625 0.83515625 0.025 0.05859375
6 0.91484375 0.83671875 0.02265625 0.05859375
2 0.45546875 0.82265625 0.01796875 0.071875
3 0.9453125 0.8375 0.0234375 0.06015625
8 0.49921875 0.82421875 0.025 0.071875
6 0.60625 0.82578125 0.0234375 0.06953125
2 0.53203125 0.82578125 0.02109375 0.06953125