0 0.8140625 0.85859375 0.01171875 0.02265625
0 0.84375 0.859375 0.01171875 0.02421875
0 0.58359375 0.859375 0.0109375 0.03203125
5 0.7671875 0.85390625 0.02265625 0.03984375
4 0.5375 0.8515625 0.01328125 0.05859375
8 0.68984375 0.8484375 0.025 0.0625
1 0.7359375 0.8546875 0.0140625 0.06796875
2 0.46171875 0.85 0.01875 0.05859375
4 0.6140625 0.85390625 0.01328125 0.06953125
1 0.66015625 0.8515625 0.01328125 0.06953125
8 0.94921875 0.85 0.02265625 0.05859375
5 0.5078125 0.85078125 0.0203125 0.04140625
9 0.875 0.85078125 0.01875 0.05625
3 0.91953125 0.85078125 0.02265625 0.0640625