0 0.67109375 0.83984375 0.01875 0.0375
0 0.83359375 0.84375 0.01875 0.03359375
1 0.7515625 0.8359375 0.0203125 0.07578125
4 0.9765625 0.8390625 0.0203125 0.05859375
5 0.784375 0.8359375 0.02890625 0.0453125
1 0.86484375 0.8390625 0.0203125 0.06953125
1 0.5921875 0.8359375 0.0203125 0.071875
2 0.4640625 0.83125 0.0265625 0.06640625
7 0.70390625 0.82890625 0.03203125 0.07734375
3 0.94453125 0.8375 0.02734375 0.06015625
7 0.5109375 0.83046875 0.03125 0.06796875
2 0.625 0.8328125 0.02890625 0.06640625
6 0.54375 0.83046875 0.025 0.0640625
3 0.896875 0.83671875 0.0296875 0.05859375