0 0.5765625 0.83515625 0.0140625 0.03203125
0 0.8046875 0.8390625 0.0140625 0.028125
2 0.45546875 0.82421875 0.02265625 0.06015625
1 0.94375 0.8359375 0.01640625 0.05625
0 0.68203125 0.83671875 0.01640625 0.03203125
3 0.91171875 0.8328125 0.0234375 0.05859375
1 0.728125 0.83046875 0.01796875 0.06796875
8 0.4984375 0.82578125 0.03125 0.0625
1 0.83515625 0.83203125 0.01796875 0.06015625
3 0.60703125 0.82890625 0.0265625 0.06640625
3 0.53203125 0.828125 0.0265625 0.0640625
5 0.7578125 0.82890625 0.025 0.04375
2 0.6515625 0.82890625 0.02265625 0.06640625
7 0.865625 0.83125 0.0265625 0.06640625