0 0.83828125 0.85546875 0.0140625 0.028125
0 0.5984375 0.87265625 0.01328125 0.03203125
0 0.71171875 0.86484375 0.01640625 0.0359375
1 0.68125 0.85859375 0.01640625 0.06015625
0 0.940625 0.84375 0.01171875 0.03359375
2 0.46875 0.86953125 0.0234375 0.06796875
1 0.759375 0.85546875 0.01875 0.06953125
5 0.790625 0.85078125 0.0234375 0.0453125
4 0.63203125 0.8640625 0.01640625 0.0640625
8 0.5171875 0.86640625 0.02734375 0.0640625
3 0.55078125 0.86484375 0.025 0.0625
2 0.96875 0.8328125 0.01875 0.06640625
2 0.86796875 0.84375 0.02109375 0.06015625
7 0.89609375 0.8421875 0.0234375 0.06640625