0 0.7984375 0.8125 0.01328125 0.028125
0 0.8671875 0.8125 0.015625 0.03203125
1 0.54140625 0.81015625 0.01875 0.06640625
1 0.7109375 0.80625 0.015625 0.06640625
2 0.40625 0.80859375 0.025 0.06640625
6 0.48828125 0.80625 0.0234375 0.06953125
5 0.66015625 0.80546875 0.02265625 0.04140625
5 0.746875 0.80390625 0.02265625 0.04140625
2 0.62578125 0.80546875 0.02265625 0.06796875
7 0.9546875 0.803125 0.0265625 0.06640625
2 0.575 0.80625 0.0234375 0.06640625
7 0.4546875 0.80625 0.03125 0.06953125
3 0.92109375 0.80078125 0.028125 0.065625
2 0.83359375 0.80390625 0.02265625 0.0640625