9 0.7890625 0.7078125 0.02734375 0.04140625
1 0.9703125 0.6859375 0.0234375 0.05859375
8 0.8984375 0.696875 0.02890625 0.03984375
0 0.8671875 0.70390625 0.01796875 0.03046875
0 0.8359375 0.7078125 0.01796875 0.0265625
0 0.70625 0.7234375 0.0203125 0.028125
8 0.5140625 0.73359375 0.03125 0.053125
0 0.59296875 0.73203125 0.01640625 0.03046875
1 0.7546875 0.7109375 0.02109375 0.05625
7 0.93984375 0.6875 0.03203125 0.05859375
2 0.46875 0.73671875 0.02734375 0.05859375
2 0.54765625 0.73125 0.0234375 0.06640625
3 0.67265625 0.71796875 0.03125 0.05859375
5 0.6234375 0.72265625 0.0265625 0.04140625