3 0.69375 0.82265625 0.02734375 0.0640625
0 0.6609375 0.82890625 0.0140625 0.03203125
0 0.8515625 0.83125 0.02265625 0.0359375
0 0.58125 0.828125 0.01640625 0.0375
0 0.82109375 0.82890625 0.0203125 0.0359375
1 0.7390625 0.82578125 0.01875 0.06953125
2 0.88515625 0.82265625 0.02734375 0.06015625
1 0.93125 0.82265625 0.02265625 0.0640625
5 0.771875 0.82109375 0.0296875 0.04921875
8 0.61328125 0.81953125 0.02890625 0.0625
2 0.45859375 0.821875 0.0234375 0.0625
3 0.9640625 0.82109375 0.0296875 0.0640625
5 0.50390625 0.81796875 0.02734375 0.046875
3 0.53671875 0.82109375 0.03125 0.06796875