6 0.59765625 0.81484375 0.03125 0.071875
1 0.5984375 0.8171875 0.0296875 0.071875
0 0.84140625 0.82890625 0.025 0.0359375
9 0.94296875 0.81875 0.03125 0.06015625
5 0.6984375 0.82109375 0.0359375 0.04921875
9 0.9015625 0.8234375 0.03359375 0.05859375
0 0.75859375 0.828125 0.0265625 0.03359375
0 0.7984375 0.82890625 0.02890625 0.0359375
2 0.30234375 0.8125 0.0359375 0.0546875
2 0.5578125 0.81640625 0.03671875 0.06640625
0 0.45859375 0.82421875 0.02890625 0.0453125
1 0.6578125 0.81875 0.02734375 0.071875
2 0.40234375 0.81640625 0.03359375 0.06640625
8 0.5 0.81640625 0.040625 0.05859375
8 0.35859375 0.81328125 0.04296875 0.0640625