0 0.66015625 0.8453125 0.0203125 0.0375
0 0.846875 0.85078125 0.01796875 0.03046875
0 0.81640625 0.8515625 0.015625 0.028125
5 0.76953125 0.84140625 0.02734375 0.0453125
4 0.953125 0.8421875 0.01796875 0.05859375
1 0.7390625 0.8421875 0.01796875 0.06953125
1 0.92265625 0.84375 0.01875 0.06015625
7 0.69296875 0.8375 0.03125 0.07578125
1 0.58515625 0.8421875 0.02265625 0.06953125
6 0.53828125 0.83515625 0.0234375 0.0625
2 0.87890625 0.8421875 0.0265625 0.0546875
7 0.50703125 0.83359375 0.03125 0.06796875
2 0.46171875 0.8390625 0.0234375 0.06640625
2 0.6171875 0.8390625 0.02734375 0.06640625