0 0.8609375 0.88515625 0.01796875 0.04140625
0 0.68359375 0.8828125 0.0234375 0.0453125
0 0.82734375 0.88515625 0.01875 0.0375
5 0.8984375 0.878125 0.03125 0.046875
4 0.9515625 0.87890625 0.0265625 0.071875
8 0.98515625 0.87734375 0.0296875 0.0640625
2 0.59453125 0.87109375 0.034375 0.07734375
1 0.7359375 0.87578125 0.025 0.07578125
2 0.646875 0.87265625 0.03203125 0.08515625
1 0.55546875 0.87265625 0.025 0.08125
5 0.77265625 0.87578125 0.03359375 0.05625
2 0.4140625 0.86328125 0.02734375 0.07734375
7 0.46484375 0.8640625 0.03671875 0.071875
6 0.5015625 0.86640625 0.0296875 0.06796875