0 0.8265625 0.85078125 0.01328125 0.0265625
0 0.8609375 0.8515625 0.01640625 0.028125
0 0.58046875 0.840625 0.015625 0.03203125
2 0.53203125 0.83125 0.02109375 0.06640625
1 0.74375 0.84375 0.01640625 0.06015625
5 0.7765625 0.840625 0.02265625 0.03984375
6 0.6109375 0.8328125 0.025 0.0625
6 0.9765625 0.84609375 0.02109375 0.05859375
2 0.6609375 0.83671875 0.02109375 0.0625
4 0.94296875 0.8484375 0.01640625 0.05859375
2 0.45234375 0.83046875 0.01875 0.06796875
2 0.89375 0.84609375 0.0234375 0.05859375
3 0.6953125 0.83671875 0.0265625 0.05859375
8 0.4984375 0.83046875 0.02265625 0.071875