0 0.8140625 0.8453125 0.01328125 0.0265625
0 0.58671875 0.84140625 0.009375 0.03046875
1 0.66171875 0.8375 0.0140625 0.0640625
0 0.6921875 0.84453125 0.01328125 0.03203125
2 0.94921875 0.83984375 0.02265625 0.0640625
1 0.84375 0.83984375 0.0140625 0.06015625
5 0.5109375 0.8328125 0.0203125 0.03984375
1 0.7375 0.8375 0.01328125 0.06796875
3 0.6171875 0.83203125 0.025 0.0640625
4 0.5421875 0.83359375 0.01328125 0.0640625
5 0.76875 0.83671875 0.02109375 0.04375
6 0.87421875 0.8375 0.02265625 0.06015625
2 0.91953125 0.83984375 0.02265625 0.0640625
2 0.4671875 0.83046875 0.01796875 0.05625