0 0.859375 0.83515625 0.01640625 0.028125
0 0.93671875 0.8328125 0.01640625 0.028125
0 0.82890625 0.83515625 0.0140625 0.028125
0 0.59375 0.84140625 0.0140625 0.03359375
0 0.70390625 0.83984375 0.015625 0.03359375
1 0.7515625 0.83125 0.01640625 0.06953125
1 0.96640625 0.8234375 0.01640625 0.0625
4 0.6265625 0.8328125 0.01640625 0.06640625
4 0.88984375 0.82734375 0.01796875 0.05859375
5 0.78125 0.82890625 0.02265625 0.03984375
2 0.4703125 0.8375 0.01875 0.071875
2 0.67265625 0.8328125 0.02109375 0.06640625
8 0.515625 0.83671875 0.0234375 0.0734375
2 0.5484375 0.8359375 0.02109375 0.06796875