0 0.8390625 0.8328125 0.0140625 0.028125
0 0.5609375 0.83359375 0.015625 0.03359375
2 0.434375 0.82734375 0.0234375 0.06640625
0 0.80625 0.83359375 0.01328125 0.0265625
1 0.7234375 0.82734375 0.01796875 0.06640625
7 0.9546875 0.821875 0.0265625 0.0625
4 0.6734375 0.82578125 0.01875 0.05859375
5 0.75625 0.8265625 0.0234375 0.04140625
2 0.64140625 0.82578125 0.025 0.0625
5 0.921875 0.82421875 0.02265625 0.0375
8 0.48046875 0.82265625 0.0296875 0.0640625
6 0.87109375 0.8234375 0.025 0.0546875
3 0.51484375 0.82421875 0.02734375 0.06015625
3 0.59375 0.8265625 0.0296875 0.06796875