0 0.853125 0.8390625 0.015625 0.02421875
0 0.821875 0.8390625 0.01328125 0.02421875
0 0.59375 0.8453125 0.0140625 0.03046875
5 0.7765625 0.83203125 0.02265625 0.04140625
4 0.928125 0.828125 0.01796875 0.05625
1 0.74609375 0.8359375 0.01796875 0.06015625
2 0.4734375 0.83984375 0.0203125 0.05625
9 0.70078125 0.83125 0.0203125 0.0546875
9 0.95859375 0.8265625 0.02109375 0.053125
6 0.6234375 0.83359375 0.025 0.06015625
5 0.51796875 0.83671875 0.0234375 0.04375
2 0.8828125 0.82890625 0.02265625 0.0546875
2 0.66953125 0.83359375 0.0203125 0.06015625
3 0.54921875 0.83359375 0.02734375 0.05625