0 0.8140625 0.82265625 0.01171875 0.0265625
0 0.84375 0.8234375 0.015625 0.02421875
0 0.58203125 0.82421875 0.01171875 0.03359375
3 0.92265625 0.81328125 0.0265625 0.0640625
1 0.6578125 0.81796875 0.015625 0.06953125
2 0.459375 0.81875 0.01875 0.06796875
8 0.875 0.8140625 0.0265625 0.05078125
1 0.734375 0.8171875 0.0140625 0.06796875
8 0.9546875 0.8125 0.0265625 0.05859375
5 0.76640625 0.81640625 0.02109375 0.03984375
7 0.68828125 0.8140625 0.0265625 0.0734375
3 0.61171875 0.8171875 0.0265625 0.06015625
2 0.5359375 0.81953125 0.01875 0.06953125
8 0.503125 0.81875 0.02265625 0.06796875