0 0.8234375 0.82890625 0.01328125 0.028125
0 0.59140625 0.83359375 0.01328125 0.0375
3 0.9609375 0.81796875 0.025 0.0625
0 0.88359375 0.82578125 0.01328125 0.02421875
1 0.85390625 0.821875 0.01796875 0.05859375
4 0.54375 0.83125 0.01796875 0.06640625
5 0.51328125 0.83046875 0.0234375 0.0453125
1 0.74453125 0.82578125 0.015625 0.06640625
5 0.77578125 0.82109375 0.0203125 0.04140625
2 0.46796875 0.82734375 0.02109375 0.05859375
6 0.62109375 0.8234375 0.025 0.05859375
7 0.93046875 0.81953125 0.02734375 0.0625
2 0.66640625 0.82734375 0.02109375 0.06640625
7 0.6984375 0.8234375 0.0265625 0.0625