0 0.86171875 0.8359375 0.01640625 0.03359375
0 0.82890625 0.83671875 0.01796875 0.0359375
1 0.70625 0.8328125 0.01875 0.0734375
0 0.59609375 0.83984375 0.01796875 0.0453125
5 0.93671875 0.828125 0.02890625 0.04921875
5 0.784375 0.83046875 0.02890625 0.04921875
2 0.675 0.83125 0.0265625 0.06953125
6 0.96875 0.82578125 0.02734375 0.05859375
1 0.75234375 0.8328125 0.02109375 0.0734375
4 0.62890625 0.83046875 0.01875 0.071875
3 0.89296875 0.828125 0.03125 0.06796875
2 0.47421875 0.8359375 0.025 0.0640625
5 0.51875 0.83203125 0.0265625 0.04921875
3 0.5515625 0.83125 0.0296875 0.06953125