0 0.815625 0.86875 0.0140625 0.03203125
0 0.58671875 0.86484375 0.0140625 0.0359375
1 0.84453125 0.86484375 0.01796875 0.06640625
1 0.61875 0.85859375 0.01796875 0.06796875
2 0.66328125 0.86015625 0.02109375 0.06796875
1 0.73984375 0.86328125 0.01796875 0.06953125
5 0.7703125 0.86015625 0.0234375 0.0453125
2 0.87421875 0.8640625 0.02265625 0.06015625
6 0.69375 0.85859375 0.0234375 0.0640625
7 0.50859375 0.8546875 0.02734375 0.07578125
7 0.53984375 0.85546875 0.025 0.0734375
2 0.46484375 0.853125 0.0203125 0.06796875
2 0.91875 0.86484375 0.02265625 0.06640625
8 0.9484375 0.8625 0.02109375 0.06015625