0 0.8234375 0.87578125 0.01328125 0.03046875
0 0.6015625 0.86875 0.01796875 0.028125
2 0.48359375 0.8609375 0.02109375 0.06640625
0 0.70625 0.87421875 0.01640625 0.03203125
1 0.7515625 0.8671875 0.01640625 0.0625
1 0.6765625 0.86875 0.0203125 0.06640625
8 0.7796875 0.8671875 0.0234375 0.0625
8 0.5265625 0.86015625 0.02890625 0.0640625
2 0.55703125 0.8625 0.0234375 0.0640625
3 0.8546875 0.871875 0.0234375 0.0640625
8 0.95859375 0.86875 0.02890625 0.06640625
3 0.6328125 0.8625 0.0296875 0.0640625
3 0.88515625 0.86953125 0.025 0.06796875
8 0.92734375 0.8671875 0.0265625 0.0625