0 0.5859375 0.85859375 0.01796875 0.0453125
0 0.84765625 0.86015625 0.0234375 0.03359375
0 0.81640625 0.859375 0.01875 0.0359375
4 0.61875 0.85390625 0.01875 0.0734375
1 0.6640625 0.8515625 0.01640625 0.0734375
1 0.95546875 0.853125 0.025 0.07578125
3 0.54140625 0.85078125 0.02890625 0.06796875
5 0.771875 0.8515625 0.0296875 0.05078125
1 0.740625 0.8546875 0.01875 0.071875
2 0.4640625 0.853125 0.02265625 0.071875
9 0.6953125 0.85 0.0234375 0.06953125
7 0.921875 0.85 0.03203125 0.06953125
8 0.50859375 0.8484375 0.02890625 0.06640625
7 0.878125 0.8515625 0.03203125 0.06640625