0 0.9265625 0.83359375 0.01640625 0.03046875
0 0.6890625 0.83671875 0.015625 0.03203125
0 0.815625 0.8390625 0.01640625 0.03203125
0 0.5796875 0.8390625 0.0140625 0.0359375
1 0.95546875 0.82578125 0.01796875 0.06640625
1 0.84609375 0.83046875 0.01796875 0.06796875
1 0.73515625 0.83046875 0.01796875 0.071875
1 0.65703125 0.82890625 0.01640625 0.0625
5 0.7671875 0.828125 0.025 0.0453125
2 0.45859375 0.8328125 0.02109375 0.06640625
8 0.87734375 0.82578125 0.02890625 0.0625
3 0.534375 0.83046875 0.0234375 0.0640625
8 0.503125 0.83125 0.025 0.06640625
2 0.6109375 0.83125 0.02265625 0.06953125