0 0.8296875 0.85390625 0.0140625 0.028125
4 0.975 0.8484375 0.01640625 0.05859375
9 0.9421875 0.846875 0.02265625 0.05625
1 0.86171875 0.84921875 0.01640625 0.05625
1 0.74765625 0.8484375 0.01640625 0.06953125
1 0.66640625 0.840625 0.015625 0.05859375
5 0.78125 0.8453125 0.0234375 0.04140625
2 0.89453125 0.84609375 0.02265625 0.0546875
1 0.5859375 0.8421875 0.01796875 0.0546875
1 0.61875 0.8421875 0.015625 0.05859375
5 0.50390625 0.8390625 0.02109375 0.03984375
8 0.6984375 0.83984375 0.02734375 0.0640625
2 0.45625 0.8390625 0.01875 0.0546875
3 0.53671875 0.83984375 0.0265625 0.05625