0 0.596875 0.85625 0.015625 0.03359375
0 0.82890625 0.86015625 0.01171875 0.03046875
4 0.890625 0.85 0.0140625 0.0625
1 0.859375 0.853125 0.0140625 0.06796875
1 0.75078125 0.84921875 0.01796875 0.06796875
1 0.6734375 0.84921875 0.01640625 0.0640625
1 0.95234375 0.8515625 0.0140625 0.0625
2 0.4765625 0.8421875 0.02109375 0.06953125
1 0.628125 0.8484375 0.0203125 0.06640625
7 0.70546875 0.8453125 0.02734375 0.071875
3 0.92265625 0.84921875 0.02109375 0.0640625
5 0.7828125 0.8484375 0.025 0.04375
7 0.553125 0.84375 0.025 0.07578125
7 0.5203125 0.83984375 0.02890625 0.0828125