0 0.85234375 0.83125 0.0140625 0.028125
0 0.58984375 0.8390625 0.01328125 0.028125
0 0.82109375 0.83203125 0.01171875 0.0265625
5 0.77421875 0.82578125 0.02265625 0.03984375
1 0.74375 0.83046875 0.01796875 0.06015625
2 0.4703125 0.83515625 0.01875 0.06640625
1 0.8828125 0.8234375 0.015625 0.05859375
2 0.5453125 0.83046875 0.01875 0.06015625
4 0.62109375 0.82890625 0.015625 0.05859375
5 0.69765625 0.8265625 0.0234375 0.04140625
6 0.959375 0.81875 0.02109375 0.05625
8 0.5140625 0.83359375 0.02265625 0.06796875
2 0.92890625 0.82421875 0.0203125 0.0640625
2 0.66640625 0.82734375 0.0203125 0.06640625