0 0.85546875 0.83125 0.01328125 0.02421875
0 0.5953125 0.840625 0.01171875 0.028125
5 0.70390625 0.828125 0.02109375 0.04140625
4 0.96171875 0.8234375 0.01640625 0.0546875
1 0.7484375 0.83046875 0.01875 0.0640625
3 0.625 0.83359375 0.0234375 0.0640625
3 0.5484375 0.83359375 0.0234375 0.0640625
5 0.7796875 0.8265625 0.02109375 0.0375
1 0.671875 0.83515625 0.01796875 0.06640625
2 0.471875 0.83671875 0.01796875 0.06953125
3 0.8859375 0.8234375 0.025 0.05859375
8 0.5171875 0.8359375 0.02265625 0.06796875
6 0.93125 0.82265625 0.0234375 0.05625
0 0.8265625 0.8359375 0.01875 0.03203125