0 0.8140625 0.8671875 0.015625 0.028125
0 0.84453125 0.8671875 0.015625 0.03203125
0 0.57734375 0.859375 0.0140625 0.0359375
5 0.76640625 0.85859375 0.0234375 0.04140625
1 0.95234375 0.859375 0.01640625 0.0546875
6 0.921875 0.85859375 0.025 0.05625
1 0.73515625 0.85859375 0.01796875 0.0640625
1 0.68828125 0.85546875 0.01875 0.0625
3 0.8765625 0.8609375 0.02734375 0.0625
3 0.53125 0.8484375 0.0265625 0.06953125
1 0.65625 0.85390625 0.01875 0.0625
2 0.45390625 0.8484375 0.0203125 0.06953125
6 0.60859375 0.85 0.0265625 0.0625
8 0.4984375 0.846875 0.025 0.071875