0 0.58828125 0.84921875 0.01171875 0.03046875
0 0.66640625 0.8484375 0.01171875 0.028125
0 0.81875 0.84375 0.01171875 0.0265625
1 0.7421875 0.840625 0.015625 0.0625
1 0.95390625 0.83203125 0.01328125 0.05625
1 0.69609375 0.83984375 0.01640625 0.06015625
2 0.46796875 0.8453125 0.01875 0.0640625
9 0.87890625 0.83203125 0.01640625 0.05625
5 0.925 0.8328125 0.01875 0.03984375
2 0.84921875 0.8328125 0.01796875 0.05859375
5 0.77265625 0.8375 0.02109375 0.04140625
5 0.61953125 0.84140625 0.0203125 0.0453125
8 0.5109375 0.8453125 0.02265625 0.0640625
2 0.54296875 0.84375 0.01875 0.0640625