0 0.5890625 0.8375 0.0140625 0.03046875
0 0.8296875 0.83515625 0.01171875 0.02421875
1 0.97734375 0.82578125 0.0140625 0.0625
1 0.62109375 0.83125 0.01875 0.06640625
1 0.7484375 0.83125 0.01875 0.05859375
1 0.66875 0.83203125 0.01796875 0.06796875
5 0.7015625 0.82890625 0.02265625 0.03984375
5 0.78125 0.82734375 0.02109375 0.03984375
2 0.46484375 0.83203125 0.02265625 0.0640625
5 0.89609375 0.8265625 0.0203125 0.03359375
7 0.509375 0.83125 0.02890625 0.06953125
7 0.54140625 0.83125 0.0265625 0.06640625
7 0.94375 0.8234375 0.025 0.0625
2 0.8625 0.82578125 0.0203125 0.05859375