0 0.8125 0.84375 0.015625 0.0265625
0 0.65859375 0.8390625 0.01328125 0.028125
0 0.5828125 0.8375 0.0109375 0.03046875
2 0.92109375 0.83515625 0.0265625 0.05859375
1 0.68984375 0.83125 0.015625 0.0625
1 0.73515625 0.83515625 0.015625 0.0625
4 0.5375 0.82890625 0.01328125 0.0546875
2 0.4640625 0.82734375 0.0203125 0.0546875
5 0.5078125 0.82890625 0.0203125 0.0359375
5 0.76640625 0.83359375 0.02265625 0.04140625
3 0.94921875 0.8359375 0.025 0.06015625
2 0.84296875 0.8359375 0.02109375 0.0640625
3 0.875 0.83515625 0.02890625 0.05859375
7 0.6125 0.83125 0.02265625 0.0625