0 0.8328125 0.83515625 0.015625 0.028125
4 0.9359375 0.82265625 0.01796875 0.06015625
1 0.8609375 0.82578125 0.01640625 0.0625
1 0.965625 0.81953125 0.01640625 0.0546875
7 0.89140625 0.82109375 0.02734375 0.06796875
1 0.60390625 0.840625 0.01328125 0.0734375
1 0.68046875 0.83671875 0.01328125 0.06953125
2 0.48359375 0.84140625 0.01875 0.071875
5 0.7859375 0.82890625 0.02265625 0.04375
2 0.56015625 0.8390625 0.0203125 0.06953125
1 0.75625 0.83515625 0.01640625 0.06640625
2 0.63515625 0.8359375 0.02265625 0.06796875
3 0.7109375 0.83046875 0.025 0.0640625
8 0.5265625 0.8375 0.02734375 0.07578125