0 0.83828125 0.85546875 0.01875 0.03203125
0 0.80625 0.85390625 0.01640625 0.03203125
0 0.684375 0.85 0.01875 0.03203125
1 0.86875 0.85 0.02109375 0.0625
1 0.946875 0.8515625 0.02265625 0.06640625
1 0.57890625 0.84140625 0.01640625 0.04921875
1 0.73046875 0.846875 0.0203125 0.0640625
5 0.76015625 0.84375 0.025 0.0453125
7 0.9140625 0.84921875 0.03203125 0.06796875
2 0.45625 0.83671875 0.0203125 0.05859375
1 0.5328125 0.8375 0.01796875 0.05625
2 0.60859375 0.8421875 0.02265625 0.0546875
3 0.6546875 0.84140625 0.0265625 0.05625
8 0.50078125 0.83515625 0.02734375 0.05859375