0 0.85625 0.840625 0.01171875 0.02421875
0 0.59453125 0.846875 0.015625 0.03359375
6 0.8859375 0.82890625 0.0234375 0.0546875
8 0.96015625 0.82578125 0.02265625 0.0546875
5 0.51796875 0.8375 0.0234375 0.0453125
1 0.7484375 0.8359375 0.015625 0.0640625
2 0.67109375 0.8375 0.02109375 0.0640625
2 0.47265625 0.84375 0.01875 0.06796875
5 0.7796875 0.83515625 0.01875 0.03984375
6 0.92890625 0.8265625 0.0203125 0.05625
6 0.625 0.83671875 0.0265625 0.06640625
3 0.54921875 0.83671875 0.02734375 0.0625
7 0.7015625 0.8359375 0.025 0.0640625