0 0.834375 0.8453125 0.01875 0.0375
0 0.64453125 0.8375 0.02265625 0.0375
0 0.56640625 0.83359375 0.0234375 0.0453125
0 0.803125 0.84140625 0.0203125 0.03359375
2 0.91328125 0.8359375 0.03125 0.0640625
9 0.86796875 0.83515625 0.03125 0.06953125
9 0.59921875 0.828125 0.0296875 0.06796875
1 0.7234375 0.8390625 0.0234375 0.06953125
5 0.75703125 0.8359375 0.02890625 0.04921875
8 0.67734375 0.8328125 0.03359375 0.0546875
2 0.44609375 0.8234375 0.0234375 0.0625
1 0.94453125 0.83671875 0.02265625 0.05859375
6 0.52109375 0.82578125 0.025 0.06640625
7 0.4890625 0.82265625 0.03125 0.0640625