0 0.8390625 0.8609375 0.01171875 0.02109375
0 0.61796875 0.85390625 0.01171875 0.028125
5 0.79609375 0.85390625 0.02109375 0.03984375
1 0.76640625 0.85390625 0.01796875 0.0546875
0 0.86875 0.8625 0.0140625 0.02265625
8 0.94296875 0.8546875 0.0265625 0.0453125
7 0.9 0.85625 0.0234375 0.053125
2 0.4953125 0.8453125 0.01875 0.0640625
5 0.72265625 0.84921875 0.02109375 0.04140625
2 0.57421875 0.84609375 0.0203125 0.0625
2 0.69375 0.846875 0.02109375 0.06015625
8 0.5390625 0.846875 0.025 0.071875
4 0.6484375 0.85 0.015625 0.05859375