0 0.81171875 0.82578125 0.01875 0.028125
0 0.56484375 0.828125 0.015625 0.03359375
0 0.84453125 0.82421875 0.0203125 0.03046875
0 0.93125 0.82421875 0.01875 0.0265625
8 0.8796875 0.8171875 0.03125 0.04921875
5 0.76171875 0.81796875 0.02890625 0.04375
1 0.9640625 0.8125 0.0203125 0.0625
1 0.64609375 0.821875 0.01875 0.06640625
1 0.596875 0.821875 0.0203125 0.06640625
1 0.72890625 0.821875 0.01875 0.06953125
2 0.43515625 0.82421875 0.0203125 0.071875
7 0.6796875 0.81953125 0.03125 0.0734375
8 0.48203125 0.82109375 0.02890625 0.071875
2 0.51640625 0.82265625 0.0203125 0.06796875