0 0.85546875 0.8328125 0.01328125 0.028125
0 0.5921875 0.8375 0.0109375 0.03046875
1 0.74765625 0.83046875 0.01640625 0.0640625
1 0.8859375 0.82421875 0.015625 0.06015625
5 0.77890625 0.82734375 0.02109375 0.03984375
2 0.9609375 0.82265625 0.0203125 0.0640625
9 0.7 0.8265625 0.01875 0.06015625
3 0.62265625 0.82890625 0.0234375 0.0625
2 0.46953125 0.83203125 0.0203125 0.06796875
2 0.66953125 0.83046875 0.0203125 0.0640625
2 0.93125 0.8234375 0.0203125 0.0625
8 0.5140625 0.83125 0.02265625 0.06953125
2 0.5453125 0.83125 0.01875 0.06640625