0 0.58125 0.84140625 0.0140625 0.03046875
0 0.8125 0.8390625 0.0109375 0.028125
4 0.8734375 0.82890625 0.015625 0.05859375
2 0.46015625 0.8375 0.02265625 0.0640625
1 0.84296875 0.82890625 0.01640625 0.05859375
1 0.7359375 0.8328125 0.01875 0.05859375
5 0.6890625 0.83125 0.0203125 0.04375
2 0.95078125 0.82578125 0.01796875 0.05859375
3 0.53671875 0.83359375 0.0265625 0.0640625
1 0.65625 0.83359375 0.01796875 0.0640625
5 0.76640625 0.82734375 0.02109375 0.03984375
8 0.50390625 0.83515625 0.0265625 0.0625
6 0.61015625 0.83125 0.025 0.0625
3 0.9203125 0.82578125 0.0234375 0.0625