0 0.6515625 0.8359375 0.01328125 0.03046875
0 0.815625 0.8421875 0.0140625 0.0359375
0 0.5703125 0.8328125 0.0140625 0.03203125
1 0.84765625 0.83671875 0.01640625 0.06640625
1 0.9296875 0.8359375 0.01875 0.06015625
2 0.9640625 0.8359375 0.025 0.06015625
1 0.6828125 0.83125 0.015625 0.06953125
5 0.4890625 0.82421875 0.025 0.04140625
4 0.6015625 0.83203125 0.01796875 0.06796875
4 0.52109375 0.82734375 0.01796875 0.06640625
5 0.88125 0.8328125 0.025 0.04375
2 0.44375 0.8234375 0.02265625 0.05859375
6 0.76484375 0.83125 0.02265625 0.0625
2 0.73203125 0.8328125 0.02109375 0.06640625