0 0.58125 0.84453125 0.01875 0.03984375
0 0.65703125 0.84453125 0.0140625 0.0359375
1 0.7359375 0.840625 0.01875 0.06953125
1 0.6890625 0.8375 0.015625 0.06796875
2 0.459375 0.83515625 0.02109375 0.06953125
1 0.61171875 0.8375 0.02109375 0.06796875
3 0.5359375 0.83515625 0.0265625 0.06640625
2 0.81171875 0.83984375 0.02109375 0.0640625
5 0.76640625 0.8390625 0.0234375 0.03984375
5 0.921875 0.84375 0.02734375 0.0453125
3 0.87421875 0.840625 0.025 0.0625
3 0.95234375 0.84140625 0.0265625 0.06796875
8 0.503125 0.8328125 0.02734375 0.06640625
3 0.84375 0.8390625 0.02265625 0.0625