0 0.85078125 0.83046875 0.015625 0.02265625
0 0.578125 0.83046875 0.01328125 0.03046875
4 0.9609375 0.82265625 0.01796875 0.053125
1 0.73828125 0.82734375 0.01875 0.05859375
0 0.8171875 0.83046875 0.01328125 0.0265625
5 0.496875 0.8234375 0.02265625 0.03984375
5 0.68984375 0.8234375 0.02265625 0.04375
1 0.6578125 0.82578125 0.015625 0.0625
5 0.7703125 0.8234375 0.0234375 0.03984375
2 0.4515625 0.82265625 0.02265625 0.06015625
2 0.609375 0.8234375 0.02109375 0.0625
6 0.92734375 0.82109375 0.0265625 0.05625
4 0.53046875 0.82421875 0.01796875 0.06015625
2 0.88203125 0.82265625 0.02109375 0.05625