0 0.59921875 0.83984375 0.01328125 0.04140625
0 0.67421875 0.840625 0.01328125 0.0359375
0 0.82734375 0.8375 0.0140625 0.03359375
1 0.75078125 0.83125 0.01796875 0.0734375
1 0.88671875 0.8328125 0.01875 0.0625
2 0.4765625 0.83203125 0.0203125 0.06796875
4 0.93046875 0.8328125 0.015625 0.0625
7 0.52109375 0.82578125 0.02734375 0.08125
2 0.85703125 0.83125 0.0234375 0.0625
3 0.959375 0.83046875 0.0234375 0.06015625
7 0.70625 0.83046875 0.0296875 0.07578125
5 0.78125 0.83125 0.025 0.04375
7 0.553125 0.828125 0.025 0.07890625
2 0.6296875 0.8328125 0.01875 0.06953125