0 0.5515625 0.82734375 0.01328125 0.03203125
0 0.83359375 0.8328125 0.0140625 0.028125
0 0.8015625 0.83203125 0.0140625 0.0265625
1 0.63359375 0.82421875 0.01796875 0.0640625
2 0.50390625 0.82109375 0.0203125 0.0640625
9 0.66640625 0.81953125 0.02109375 0.0625
5 0.75 0.82265625 0.0234375 0.04140625
1 0.71640625 0.8234375 0.01875 0.0625
6 0.946875 0.82265625 0.0203125 0.06015625
3 0.58515625 0.82109375 0.02734375 0.0640625
2 0.4234375 0.821875 0.01875 0.0734375
8 0.47109375 0.82109375 0.025 0.071875
8 0.86796875 0.8234375 0.0265625 0.05859375
2 0.91796875 0.8265625 0.02109375 0.06015625