0 0.85859375 0.83046875 0.0140625 0.0265625
0 0.59140625 0.8375 0.01328125 0.0265625
0 0.82734375 0.83046875 0.0140625 0.0265625
1 0.7484375 0.828125 0.01796875 0.0640625
5 0.93359375 0.81796875 0.025 0.04375
5 0.78046875 0.82578125 0.02265625 0.03984375
9 0.7015625 0.82421875 0.01875 0.05625
8 0.96796875 0.81640625 0.0265625 0.0625
3 0.88984375 0.82109375 0.02734375 0.06015625
5 0.5125 0.83125 0.025 0.04375
2 0.66953125 0.8265625 0.01796875 0.05625
2 0.46796875 0.83125 0.02109375 0.05078125
3 0.5453125 0.82734375 0.02890625 0.05859375
5 0.62265625 0.828125 0.02109375 0.04140625