0 0.84765625 0.84453125 0.02109375 0.0359375
0 0.8765625 0.84609375 0.01875 0.028125
0 0.81796875 0.84453125 0.0140625 0.028125
0 0.59140625 0.84140625 0.0109375 0.03359375
5 0.771875 0.8375 0.02265625 0.04140625
1 0.74140625 0.8375 0.0140625 0.06015625
1 0.696875 0.8375 0.015625 0.0640625
6 0.9515625 0.8375 0.0234375 0.06015625
2 0.6671875 0.83359375 0.0203125 0.06796875
2 0.47109375 0.83125 0.01875 0.06953125
7 0.92109375 0.8390625 0.02734375 0.0625
8 0.5140625 0.83203125 0.0234375 0.071875
7 0.62109375 0.8328125 0.0234375 0.06953125
2 0.54609375 0.83125 0.01875 0.06640625