0 0.8453125 0.8359375 0.0140625 0.0265625
1 0.8765625 0.82734375 0.01640625 0.0546875
0 0.60703125 0.84375 0.01171875 0.03046875
5 0.79609375 0.82890625 0.0234375 0.04375
1 0.76484375 0.83359375 0.01796875 0.0640625
8 0.98359375 0.81953125 0.0265625 0.0625
1 0.6859375 0.83046875 0.01640625 0.05625
6 0.7171875 0.83046875 0.02265625 0.06015625
5 0.5265625 0.83671875 0.0234375 0.04375
6 0.90625 0.8265625 0.025 0.06015625
2 0.47890625 0.840625 0.0203125 0.05859375
4 0.6390625 0.83359375 0.01640625 0.05625
5 0.9515625 0.82265625 0.0234375 0.0453125
3 0.55859375 0.83515625 0.0265625 0.05859375