0 0.82421875 0.84375 0.015625 0.0265625
0 0.85625 0.8421875 0.01796875 0.028125
0 0.590625 0.84609375 0.0140625 0.03203125
4 0.96171875 0.83125 0.01640625 0.0546875
5 0.778125 0.83671875 0.02265625 0.03984375
1 0.93203125 0.83359375 0.01875 0.05625
1 0.66796875 0.8390625 0.0140625 0.05859375
3 0.8859375 0.83203125 0.0265625 0.0640625
1 0.74609375 0.8421875 0.01875 0.0625
1 0.621875 0.8375 0.01796875 0.06015625
2 0.46640625 0.84140625 0.0203125 0.06796875
6 0.6984375 0.8375 0.02109375 0.06015625
8 0.5109375 0.840625 0.025 0.06953125
2 0.54296875 0.8390625 0.01875 0.0625