0 0.8484375 0.83359375 0.01796875 0.03359375
0 0.5890625 0.83671875 0.015625 0.03203125
0 0.81875 0.8328125 0.015625 0.028125
5 0.77265625 0.82734375 0.0265625 0.04375
1 0.74140625 0.82890625 0.01875 0.06640625
2 0.46875 0.83359375 0.0203125 0.071875
1 0.69609375 0.82890625 0.01875 0.06953125
8 0.88046875 0.82109375 0.0296875 0.05625
1 0.9265625 0.82421875 0.01796875 0.06015625
2 0.54375 0.83125 0.02109375 0.06953125
1 0.9578125 0.82578125 0.015625 0.05859375
2 0.665625 0.828125 0.0234375 0.06796875
8 0.6203125 0.82734375 0.02890625 0.05859375
8 0.51171875 0.83125 0.0265625 0.0734375