0 0.834375 0.70546875 0.01875 0.0265625
0 0.8015625 0.70390625 0.01875 0.0265625
0 0.5609375 0.68515625 0.02265625 0.04140625
0 0.671875 0.6953125 0.01796875 0.0359375
1 0.94921875 0.709375 0.01796875 0.053125
1 0.640625 0.6875 0.0234375 0.06640625
2 0.59453125 0.6828125 0.02734375 0.06015625
1 0.91640625 0.70859375 0.02265625 0.0546875
1 0.72109375 0.69140625 0.02265625 0.06640625
2 0.51875 0.6765625 0.0296875 0.05859375
3 0.86875 0.70390625 0.03125 0.06015625
5 0.75390625 0.69140625 0.0296875 0.04375
2 0.44140625 0.67109375 0.02890625 0.05859375
8 0.48359375 0.67109375 0.03203125 0.05859375