0 0.578125 0.8328125 0.0109375 0.028125
0 0.91640625 0.840625 0.01171875 0.028125
0 0.80859375 0.8390625 0.01328125 0.028125
0 0.65390625 0.8359375 0.009375 0.0265625
8 0.9484375 0.83203125 0.025 0.06015625
1 0.83984375 0.8328125 0.015625 0.0546875
1 0.87109375 0.83515625 0.01640625 0.0546875
1 0.73046875 0.83203125 0.015625 0.06015625
5 0.76171875 0.83046875 0.02109375 0.0375
2 0.45859375 0.8234375 0.02109375 0.0625
5 0.68515625 0.8265625 0.0203125 0.0375
7 0.5015625 0.8234375 0.025 0.06640625
9 0.60859375 0.82578125 0.01640625 0.0625
6 0.5328125 0.821875 0.0203125 0.06640625