0 0.8109375 0.8515625 0.015625 0.028125
0 0.65625 0.85078125 0.01171875 0.03046875
0 0.578125 0.8484375 0.0109375 0.028125
1 0.946875 0.84375 0.01796875 0.0640625
1 0.7328125 0.8453125 0.015625 0.0640625
1 0.840625 0.84453125 0.01640625 0.0625
4 0.68671875 0.84375 0.0140625 0.06015625
6 0.86875 0.84375 0.02109375 0.0640625
5 0.7640625 0.84375 0.0265625 0.0453125
7 0.9140625 0.84140625 0.02890625 0.0640625
5 0.60859375 0.84140625 0.0203125 0.04140625
5 0.5 0.8390625 0.01875 0.03984375
4 0.53203125 0.83984375 0.0140625 0.06015625
2 0.45546875 0.83671875 0.01796875 0.05859375