6 0.89609375 0.859375 0.02265625 0.0625
0 0.5640625 0.8640625 0.01328125 0.03046875
7 0.8546875 0.8609375 0.0265625 0.06640625
9 0.9234375 0.8578125 0.01875 0.0625
0 0.79453125 0.86484375 0.015625 0.028125
5 0.746875 0.85625 0.02265625 0.04140625
1 0.7140625 0.86328125 0.01875 0.06640625
2 0.52109375 0.85546875 0.01796875 0.0625
8 0.66875 0.859375 0.025 0.05859375
2 0.4484375 0.85390625 0.01640625 0.06640625
8 0.49140625 0.85546875 0.02109375 0.06953125
8 0.59375 0.8578125 0.0234375 0.0625
2 0.63828125 0.86015625 0.02109375 0.0640625