0 0.8390625 0.83359375 0.01328125 0.02265625
0 0.58671875 0.83515625 0.01171875 0.03203125
0 0.9015625 0.83203125 0.01328125 0.0265625
0 0.87109375 0.83203125 0.015625 0.0265625
4 0.98203125 0.8234375 0.01640625 0.05859375
1 0.67109375 0.828125 0.01875 0.06796875
4 0.70546875 0.82578125 0.015625 0.0625
1 0.7546875 0.8265625 0.01640625 0.0640625
9 0.9515625 0.82265625 0.02109375 0.05625
5 0.78828125 0.82578125 0.0234375 0.04375
3 0.61953125 0.8265625 0.02734375 0.0640625
2 0.5359375 0.82578125 0.02109375 0.0734375
2 0.45234375 0.82421875 0.02109375 0.07578125
8 0.50078125 0.821875 0.025 0.07734375