0 0.82109375 0.840625 0.01171875 0.028125
0 0.66875 0.8359375 0.01171875 0.03046875
1 0.8515625 0.8359375 0.0140625 0.0640625
0 0.59296875 0.83515625 0.01171875 0.028125
1 0.95625 0.83671875 0.01328125 0.0625
1 0.7453125 0.83359375 0.01640625 0.06796875
8 0.9265625 0.83203125 0.025 0.06015625
5 0.7 0.82890625 0.02109375 0.04375
5 0.775 0.83125 0.02109375 0.04375
1 0.8828125 0.8328125 0.015625 0.0625
8 0.51640625 0.82421875 0.0234375 0.0640625
3 0.54765625 0.82421875 0.0234375 0.06015625
4 0.621875 0.82890625 0.015625 0.05859375
2 0.471875 0.82578125 0.0203125 0.06640625