0 0.76640625 0.9359375 0.01640625 0.03046875
0 0.55859375 0.89921875 0.01796875 0.03984375
4 0.82578125 0.940625 0.015625 0.06640625
2 0.69609375 0.909375 0.02265625 0.07890625
2 0.62890625 0.90546875 0.01875 0.07578125
8 0.4921875 0.88125 0.025 0.07578125
1 0.79765625 0.93359375 0.01875 0.06015625
3 0.52109375 0.88515625 0.02265625 0.06796875
1 0.871875 0.9484375 0.01796875 0.06953125
2 0.45625 0.8734375 0.0234375 0.07890625
1 0.5859375 0.8984375 0.015625 0.071875
9 0.90390625 0.94921875 0.01875 0.06796875
5 0.72421875 0.91796875 0.02265625 0.046875
3 0.65625 0.9046875 0.025 0.06953125