0 0.8515625 0.8328125 0.01640625 0.028125
0 0.93125 0.8328125 0.01875 0.028125
0 0.81875 0.8328125 0.01796875 0.028125
0 0.60390625 0.82890625 0.01796875 0.03984375
1 0.7359375 0.82578125 0.01875 0.0734375
5 0.76875 0.82265625 0.0296875 0.0453125
1 0.653125 0.82265625 0.01796875 0.06796875
7 0.9640625 0.8234375 0.0296875 0.06640625
2 0.525 0.821875 0.0234375 0.06953125
9 0.88359375 0.82421875 0.02734375 0.06015625
1 0.571875 0.821875 0.01796875 0.06640625
2 0.44375 0.82109375 0.02265625 0.06796875
8 0.48984375 0.81953125 0.02734375 0.06953125
7 0.6859375 0.82265625 0.03125 0.071875