0 0.5796875 0.8265625 0.01875 0.0375
0 0.83203125 0.82890625 0.01640625 0.03203125
1 0.6640625 0.8234375 0.02109375 0.0625
1 0.7484375 0.82421875 0.02265625 0.071875
2 0.4484375 0.81875 0.0296875 0.0640625
8 0.98359375 0.81953125 0.025 0.05859375
3 0.6984375 0.82265625 0.0296875 0.071875
5 0.78046875 0.82109375 0.02734375 0.0453125
3 0.61484375 0.821875 0.034375 0.06640625
8 0.49609375 0.8171875 0.03203125 0.0640625
3 0.53125 0.81953125 0.0296875 0.06640625
2 0.86484375 0.82265625 0.02265625 0.06796875
7 0.8984375 0.82265625 0.02734375 0.06796875
7 0.9484375 0.82578125 0.0265625 0.0734375