5 0.9546875 0.82578125 0.0265625 0.046875
0 0.81640625 0.83515625 0.0140625 0.028125
3 0.9234375 0.82421875 0.025 0.0640625
0 0.66171875 0.8375 0.01171875 0.03046875
1 0.84609375 0.82734375 0.01796875 0.05859375
4 0.87734375 0.8265625 0.01640625 0.06015625
1 0.73828125 0.83046875 0.0140625 0.0640625
1 0.61484375 0.83046875 0.015625 0.06015625
1 0.69296875 0.82890625 0.0140625 0.0625
1 0.584375 0.83203125 0.01640625 0.05625
3 0.5390625 0.82890625 0.02265625 0.05859375
5 0.76953125 0.828125 0.02265625 0.04140625
5 0.5078125 0.83125 0.0203125 0.03984375
2 0.4609375 0.83046875 0.01796875 0.06015625