0 0.67265625 0.83671875 0.01171875 0.03203125
0 0.83203125 0.83671875 0.0140625 0.028125
1 0.7515625 0.82890625 0.0140625 0.06640625
1 0.590625 0.83046875 0.0140625 0.06796875
1 0.86328125 0.83046875 0.01640625 0.06015625
3 0.9734375 0.83125 0.0265625 0.0625
5 0.78359375 0.828125 0.0234375 0.04140625
6 0.94140625 0.83046875 0.02265625 0.06015625
2 0.54453125 0.82890625 0.0203125 0.06640625
2 0.4640625 0.828125 0.01875 0.071875
7 0.7046875 0.82734375 0.0265625 0.06953125
8 0.51015625 0.82734375 0.02734375 0.0734375
7 0.8953125 0.82734375 0.03125 0.06953125
2 0.6234375 0.82890625 0.02265625 0.06640625