0 0.8140625 0.8515625 0.01328125 0.028125
0 0.68671875 0.84921875 0.01640625 0.03046875
4 0.875 0.84609375 0.01640625 0.0625
1 0.95078125 0.8453125 0.015625 0.05625
1 0.84453125 0.84609375 0.01796875 0.0546875
2 0.4546875 0.8328125 0.02109375 0.0546875
1 0.734375 0.84375 0.01640625 0.0640625
1 0.578125 0.83984375 0.015625 0.05625
1 0.53203125 0.83359375 0.01640625 0.06015625
5 0.7671875 0.8421875 0.02265625 0.04375
6 0.9203125 0.84375 0.0234375 0.05625
2 0.609375 0.83984375 0.02109375 0.05625
8 0.49921875 0.83046875 0.02734375 0.06015625
3 0.65703125 0.8390625 0.0234375 0.05859375