0 0.8296875 0.8328125 0.01640625 0.028125
1 0.6265625 0.82421875 0.02109375 0.06796875
4 0.9703125 0.82109375 0.01875 0.06015625
1 0.5921875 0.83125 0.0203125 0.06953125
0 0.6734375 0.83359375 0.015625 0.03359375
1 0.753125 0.83046875 0.0203125 0.0640625
8 0.9390625 0.81875 0.0296875 0.053125
1 0.70390625 0.8265625 0.015625 0.06796875
9 0.890625 0.821875 0.0234375 0.06640625
2 0.86015625 0.82265625 0.0203125 0.0640625
2 0.46875 0.83046875 0.0234375 0.0640625
6 0.5453125 0.828125 0.0234375 0.0640625
6 0.78125 0.8234375 0.025 0.06640625
7 0.51328125 0.82890625 0.03125 0.06640625