0 0.5984375 0.84609375 0.01640625 0.03984375
0 0.67578125 0.84375 0.01796875 0.0453125
0 0.83125 0.83984375 0.01875 0.03359375
1 0.628125 0.8375 0.0203125 0.06796875
1 0.7515625 0.83515625 0.0203125 0.07734375
2 0.70625 0.8359375 0.025 0.07578125
1 0.8609375 0.83046875 0.01640625 0.06796875
7 0.55078125 0.83671875 0.02734375 0.08125
1 0.9359375 0.82734375 0.01875 0.05859375
2 0.4734375 0.840625 0.0234375 0.0734375
7 0.51796875 0.8359375 0.02890625 0.07890625
5 0.78359375 0.83203125 0.02734375 0.04921875
3 0.96640625 0.82421875 0.02890625 0.05625
9 0.89140625 0.82578125 0.0203125 0.06953125