6 0.93359375 0.84921875 0.01796875 0.053125
0 0.6109375 0.86328125 0.01328125 0.03203125
0 0.8359375 0.86015625 0.01171875 0.02265625
3 0.96328125 0.84921875 0.02109375 0.06015625
2 0.49140625 0.859375 0.01875 0.06953125
5 0.7921875 0.8546875 0.0203125 0.04140625
1 0.76171875 0.85546875 0.0140625 0.06640625
7 0.7171875 0.85546875 0.025 0.06640625
8 0.53515625 0.859375 0.02265625 0.0734375
2 0.6875 0.85859375 0.02265625 0.06796875
8 0.64140625 0.8546875 0.0234375 0.0640625
2 0.5671875 0.85546875 0.0203125 0.06640625