0 0.82734375 0.83984375 0.0140625 0.03046875
0 0.59375 0.846875 0.0140625 0.03359375
0 0.67109375 0.84375 0.01328125 0.03046875
1 0.7015625 0.83515625 0.015625 0.0625
1 0.7484375 0.83671875 0.015625 0.0625
5 0.7796875 0.83359375 0.02109375 0.04140625
5 0.96328125 0.8265625 0.02109375 0.04140625
8 0.5171875 0.840625 0.025 0.06953125
3 0.5484375 0.8375 0.025 0.0640625
2 0.47265625 0.8421875 0.02109375 0.0734375
6 0.85625 0.83125 0.02265625 0.05859375
2 0.62421875 0.8375 0.0203125 0.06796875
6 0.88828125 0.82890625 0.0234375 0.05859375
2 0.93203125 0.82890625 0.02109375 0.05859375