0 0.8765625 0.84921875 0.0140625 0.0265625
0 0.846875 0.85 0.015625 0.028125
1 0.646875 0.84375 0.01796875 0.0640625
1 0.77109375 0.84453125 0.01796875 0.0625
4 0.90859375 0.8390625 0.015625 0.0625
5 0.8015625 0.8390625 0.02265625 0.04375
1 0.61640625 0.84453125 0.01796875 0.0734375
4 0.9390625 0.8375 0.01640625 0.05625
2 0.49296875 0.846875 0.0234375 0.071875
3 0.72578125 0.840625 0.025 0.0625
2 0.69375 0.8421875 0.02109375 0.06953125
9 0.96875 0.83203125 0.02109375 0.06015625
6 0.5703125 0.84453125 0.0234375 0.06953125
7 0.5375 0.84375 0.0296875 0.07578125