0 0.57421875 0.83984375 0.01796875 0.03359375
0 0.65703125 0.84140625 0.01640625 0.0375
0 0.821875 0.84453125 0.0203125 0.03984375
1 0.88828125 0.83671875 0.02109375 0.06640625
1 0.73828125 0.83515625 0.01640625 0.08125
1 0.8546875 0.8359375 0.02109375 0.06796875
2 0.44375 0.82890625 0.02109375 0.0734375
4 0.6078125 0.83359375 0.0203125 0.06796875
8 0.771875 0.83359375 0.03203125 0.0640625
8 0.96953125 0.83359375 0.0296875 0.0640625
7 0.69140625 0.83359375 0.03203125 0.0828125
2 0.5265625 0.83046875 0.02109375 0.07578125
2 0.9359375 0.840625 0.0265625 0.07734375
8 0.48984375 0.82890625 0.025 0.07734375