0 0.83984375 0.78984375 0.01796875 0.03984375
0 0.58359375 0.79140625 0.01796875 0.03203125
5 0.70390625 0.78203125 0.0265625 0.04375
8 0.61875 0.78203125 0.03203125 0.05859375
1 0.66875 0.7875 0.0203125 0.06953125
2 0.45390625 0.79140625 0.01875 0.0734375
5 0.78828125 0.78125 0.0265625 0.0453125
1 0.75390625 0.78515625 0.0265625 0.071875
1 0.90859375 0.7828125 0.0203125 0.06015625
7 0.95703125 0.77890625 0.02890625 0.071875
2 0.8734375 0.78203125 0.02734375 0.06640625
2 0.53203125 0.7875 0.02109375 0.06953125
8 0.5 0.7875 0.0234375 0.0734375