0 0.82421875 0.8359375 0.02265625 0.0375
0 0.59140625 0.84140625 0.02109375 0.0375
0 0.67109375 0.840625 0.0203125 0.0359375
3 0.96328125 0.828125 0.02890625 0.0640625
2 0.46953125 0.83671875 0.025 0.06953125
1 0.746875 0.8328125 0.025 0.06953125
3 0.70234375 0.83203125 0.03125 0.06796875
8 0.8859375 0.82734375 0.0296875 0.0546875
3 0.6234375 0.83203125 0.03125 0.0640625
2 0.78046875 0.83125 0.02734375 0.0734375
3 0.85390625 0.83046875 0.02734375 0.06796875
2 0.5484375 0.8328125 0.0296875 0.06640625
3 0.93125 0.83046875 0.02890625 0.06796875
8 0.5140625 0.83125 0.0296875 0.06953125