0 0.64921875 0.82890625 0.01328125 0.028125
0 0.8390625 0.83203125 0.0140625 0.0265625
0 0.57265625 0.83046875 0.01171875 0.03046875
1 0.72734375 0.8265625 0.01640625 0.06015625
0 0.80625 0.83203125 0.01328125 0.0265625
5 0.75859375 0.8234375 0.0234375 0.03984375
4 0.9515625 0.82578125 0.01640625 0.05859375
3 0.68046875 0.82265625 0.025 0.06015625
5 0.91875 0.82578125 0.025 0.03984375
2 0.45078125 0.82265625 0.0203125 0.06796875
2 0.603125 0.82109375 0.0203125 0.06015625
8 0.49609375 0.82109375 0.025 0.06796875
2 0.52734375 0.82265625 0.01875 0.0640625
2 0.8703125 0.82265625 0.02109375 0.05625