0 0.6015625 0.84375 0.01328125 0.03359375
0 0.8359375 0.8390625 0.0140625 0.028125
4 0.96875 0.82734375 0.015625 0.0546875
1 0.67890625 0.8359375 0.015625 0.06015625
5 0.78828125 0.83125 0.0234375 0.04375
1 0.7578125 0.83359375 0.01796875 0.0640625
3 0.55625 0.83515625 0.0234375 0.06640625
3 0.63359375 0.83515625 0.0265625 0.0625
2 0.47890625 0.83984375 0.0203125 0.071875
8 0.52421875 0.83359375 0.025 0.06796875
3 0.8640625 0.82890625 0.0234375 0.0546875
9 0.7109375 0.83125 0.0203125 0.0625
3 0.8953125 0.83046875 0.0234375 0.05625
7 0.9390625 0.83046875 0.025 0.071875