0 0.82578125 0.84453125 0.01328125 0.028125
0 0.85546875 0.84453125 0.01328125 0.02421875
0 0.59453125 0.846875 0.01796875 0.04140625
5 0.77890625 0.8390625 0.02265625 0.03984375
1 0.7484375 0.8421875 0.01640625 0.0625
1 0.703125 0.840625 0.01796875 0.0625
9 0.9609375 0.83359375 0.01875 0.06015625
5 0.93125 0.83515625 0.02265625 0.03984375
2 0.67265625 0.83984375 0.0234375 0.0640625
4 0.8859375 0.83671875 0.01640625 0.05859375
3 0.55 0.83984375 0.02890625 0.0640625
2 0.4734375 0.84375 0.0234375 0.0640625
5 0.51875 0.8390625 0.025 0.046875
8 0.6265625 0.8390625 0.02734375 0.06953125