0 0.81640625 0.8640625 0.0140625 0.0265625
1 0.846875 0.85859375 0.01796875 0.06015625
0 0.58359375 0.859375 0.01171875 0.03203125
1 0.7390625 0.8578125 0.015625 0.0625
3 0.9234375 0.8546875 0.0234375 0.0640625
5 0.76953125 0.85390625 0.02265625 0.04375
5 0.50703125 0.84921875 0.02109375 0.04140625
8 0.95390625 0.8546875 0.0265625 0.06015625
5 0.69296875 0.853125 0.02109375 0.04140625
7 0.61484375 0.8515625 0.025 0.0734375
2 0.6609375 0.853125 0.0203125 0.06796875
3 0.87890625 0.8578125 0.0234375 0.0625
3 0.5390625 0.8484375 0.02265625 0.0625
2 0.4609375 0.84921875 0.0203125 0.0640625