0 0.8171875 0.8546875 0.015625 0.0265625
1 0.85 0.8484375 0.01875 0.0625
4 0.9640625 0.84921875 0.01875 0.06015625
5 0.8828125 0.846875 0.02265625 0.04140625
5 0.93203125 0.85 0.0265625 0.04375
5 0.76875 0.84609375 0.02265625 0.03984375
2 0.4484375 0.84375 0.0203125 0.0640625
1 0.73515625 0.8484375 0.015625 0.0625
5 0.6875 0.8453125 0.0203125 0.0375
2 0.6546875 0.84453125 0.02109375 0.0625
3 0.60625 0.84453125 0.025 0.06640625
3 0.52734375 0.8421875 0.02109375 0.06640625
8 0.49453125 0.8421875 0.025 0.06640625