1 0.975 0.840625 0.0140625 0.0625
1 0.6765625 0.84375 0.015625 0.071875
0 0.62890625 0.85078125 0.0140625 0.03359375
1 0.75859375 0.84609375 0.01640625 0.0625
5 0.709375 0.84140625 0.0234375 0.0453125
5 0.8984375 0.84140625 0.02109375 0.0375
9 0.94609375 0.8390625 0.01875 0.05859375
1 0.59609375 0.8453125 0.01640625 0.06796875
5 0.7890625 0.84140625 0.02109375 0.04140625
5 0.51484375 0.84140625 0.02265625 0.0453125
3 0.5484375 0.83984375 0.025 0.0640625
2 0.46796875 0.84140625 0.01875 0.0640625
2 0.86875 0.8390625 0.0203125 0.0625