0 0.8390625 0.8546875 0.01328125 0.03359375
0 0.809375 0.8546875 0.0140625 0.03046875
4 0.9453125 0.853125 0.01875 0.07578125
0 0.60859375 0.84453125 0.01796875 0.04375
1 0.57734375 0.8375 0.01875 0.06796875
4 0.6859375 0.84453125 0.01875 0.0625
2 0.534375 0.8375 0.02109375 0.0640625
5 0.76328125 0.84453125 0.0265625 0.05078125
5 0.87109375 0.846875 0.025 0.04921875
1 0.7328125 0.8453125 0.01796875 0.07578125
2 0.4578125 0.83515625 0.02265625 0.06953125
9 0.915625 0.85078125 0.0234375 0.06796875
2 0.65390625 0.83984375 0.0203125 0.0640625
8 0.5015625 0.8359375 0.02734375 0.07578125