0 0.58984375 0.83046875 0.015625 0.0375
0 0.81796875 0.8375 0.01640625 0.03046875
0 0.6953125 0.8328125 0.0140625 0.03984375
1 0.740625 0.82890625 0.01875 0.06953125
5 0.77109375 0.82734375 0.02734375 0.046875
3 0.87890625 0.83046875 0.02734375 0.05625
9 0.92265625 0.83203125 0.0234375 0.06015625
2 0.46953125 0.81953125 0.0203125 0.06953125
2 0.66484375 0.8265625 0.02265625 0.071875
8 0.5140625 0.821875 0.025 0.06953125
2 0.54375 0.82265625 0.02109375 0.0640625
2 0.84765625 0.83046875 0.0234375 0.06796875
7 0.953125 0.83125 0.025 0.05859375
2 0.6203125 0.82578125 0.0234375 0.06953125