0 0.8484375 0.8359375 0.01328125 0.0265625
0 0.81796875 0.83671875 0.01171875 0.028125
0 0.58671875 0.8421875 0.0140625 0.03203125
1 0.6171875 0.8328125 0.015625 0.06640625
1 0.740625 0.83359375 0.01640625 0.0640625
9 0.9234375 0.82578125 0.02265625 0.05859375
4 0.95390625 0.8265625 0.01640625 0.05625
5 0.77109375 0.83046875 0.02265625 0.0453125
2 0.4671875 0.8375 0.0203125 0.071875
2 0.87890625 0.82578125 0.0203125 0.05859375
2 0.54140625 0.83359375 0.01875 0.0640625
8 0.51015625 0.83515625 0.025 0.0734375
9 0.69453125 0.83046875 0.0203125 0.06015625
2 0.6625 0.8328125 0.02265625 0.0625