0 0.803125 0.8515625 0.01328125 0.028125
4 0.91171875 0.85 0.01640625 0.05859375
1 0.834375 0.8484375 0.01875 0.0625
1 0.60078125 0.8359375 0.01328125 0.06015625
4 0.94375 0.8515625 0.02109375 0.05859375
1 0.72421875 0.84453125 0.01796875 0.06640625
1 0.5703125 0.83515625 0.0140625 0.05859375
5 0.67890625 0.8375 0.02109375 0.04140625
1 0.646875 0.8375 0.01328125 0.06015625
5 0.75625 0.8421875 0.02109375 0.03984375
5 0.49453125 0.83125 0.0203125 0.03984375
3 0.525 0.83046875 0.02109375 0.05625
2 0.44921875 0.82890625 0.01796875 0.05859375