0 0.575 0.8609375 0.01640625 0.028125
0 0.840625 0.86796875 0.01875 0.03046875
5 0.9484375 0.8609375 0.02734375 0.04375
0 0.809375 0.8671875 0.01875 0.028125
0 0.684375 0.86484375 0.01875 0.03203125
1 0.9171875 0.8625 0.02265625 0.05625
2 0.4546875 0.853125 0.0234375 0.0640625
5 0.7625 0.85859375 0.025 0.0453125
3 0.53046875 0.853125 0.02734375 0.06015625
2 0.87265625 0.859375 0.0234375 0.0546875
2 0.65390625 0.8578125 0.0234375 0.06953125
5 0.6078125 0.85546875 0.02734375 0.04375
1 0.73203125 0.85859375 0.02109375 0.0640625
8 0.49765625 0.85078125 0.02890625 0.06015625