0 0.86640625 0.82265625 0.01875 0.0265625
0 0.83359375 0.821875 0.02109375 0.028125
0 0.6703125 0.82265625 0.02109375 0.0375
0 0.61953125 0.82109375 0.02265625 0.0375
2 0.540625 0.8109375 0.02890625 0.0640625
2 0.45859375 0.8140625 0.0265625 0.06953125
9 0.98515625 0.81484375 0.025 0.05625
8 0.90078125 0.81484375 0.0296875 0.04921875
5 0.78359375 0.81328125 0.025 0.04140625
1 0.75078125 0.81328125 0.02265625 0.0640625
8 0.5046875 0.81015625 0.03359375 0.06953125
7 0.703125 0.8109375 0.03203125 0.06796875
1 0.58828125 0.8140625 0.0265625 0.06953125
2 0.95078125 0.8171875 0.025 0.06015625