0 0.8078125 0.85859375 0.025 0.03046875
0 0.575 0.8578125 0.01875 0.03203125
0 0.65234375 0.859375 0.01875 0.028125
1 0.94765625 0.84921875 0.02109375 0.05625
1 0.8390625 0.853125 0.02109375 0.0640625
8 0.87109375 0.846875 0.0296875 0.05625
1 0.72890625 0.85 0.02109375 0.06640625
2 0.91796875 0.8484375 0.0265625 0.05859375
5 0.76015625 0.85 0.02734375 0.046875
2 0.45703125 0.853125 0.0234375 0.06796875
8 0.60703125 0.85078125 0.03125 0.053125
7 0.6828125 0.84921875 0.03203125 0.0640625
8 0.5015625 0.85078125 0.02890625 0.06015625
2 0.53125 0.8515625 0.025 0.06640625