0 0.8015625 0.8265625 0.01796875 0.03046875
1 0.4890625 0.81875 0.0203125 0.06015625
1 0.5390625 0.821875 0.01875 0.0625
1 0.96015625 0.8171875 0.02265625 0.06015625
5 0.74765625 0.81796875 0.0265625 0.04375
2 0.40390625 0.8234375 0.0234375 0.06640625
6 0.66015625 0.81640625 0.0296875 0.0625
8 0.4515625 0.81796875 0.03203125 0.06640625
8 0.9234375 0.8140625 0.03125 0.0546875
2 0.625 0.81875 0.02890625 0.0640625
1 0.71328125 0.821875 0.02109375 0.06953125
1 0.83515625 0.81875 0.0203125 0.06015625
2 0.575 0.81953125 0.03125 0.06640625
7 0.871875 0.81796875 0.03203125 0.06640625