0 0.63125 0.83984375 0.0109375 0.03359375
0 0.85625 0.84609375 0.01328125 0.03203125
0 0.70625 0.84140625 0.0109375 0.03046875
1 0.95703125 0.83671875 0.0140625 0.06640625
1 0.8859375 0.83984375 0.015625 0.06796875
1 0.78125 0.83515625 0.015625 0.06640625
3 0.9859375 0.83671875 0.02109375 0.0625
4 0.5859375 0.82890625 0.015625 0.06640625
5 0.55546875 0.82890625 0.0203125 0.04375
5 0.8109375 0.83359375 0.0203125 0.0453125
4 0.6609375 0.83203125 0.015625 0.0640625
5 0.915625 0.83515625 0.01875 0.046875
7 0.73671875 0.8328125 0.0234375 0.06953125
2 0.50859375 0.82734375 0.01875 0.0625