0 0.7953125 0.8421875 0.01875 0.0359375
0 0.6296875 0.8328125 0.01875 0.0359375
0 0.546875 0.82890625 0.01796875 0.0359375
5 0.74375 0.83203125 0.02890625 0.0453125
0 0.85859375 0.84375 0.02265625 0.0375
4 0.82734375 0.83671875 0.02109375 0.06640625
1 0.7109375 0.83203125 0.02109375 0.071875
1 0.6625 0.82578125 0.01796875 0.0734375
4 0.90859375 0.840625 0.0203125 0.06640625
2 0.5015625 0.82109375 0.02265625 0.071875
9 0.94140625 0.83203125 0.0234375 0.06796875
2 0.42109375 0.821875 0.02109375 0.0734375
8 0.46640625 0.821875 0.025 0.0734375
8 0.58125 0.821875 0.03125 0.0625