0 0.5796875 0.87890625 0.01171875 0.03359375
0 0.734375 0.88359375 0.0140625 0.03203125
0 0.8125 0.88671875 0.01328125 0.0375
1 0.765625 0.87578125 0.01640625 0.07578125
2 0.45859375 0.86796875 0.0203125 0.06796875
1 0.65703125 0.8765625 0.01640625 0.0625
8 0.50390625 0.8671875 0.025 0.06640625
4 0.84296875 0.87890625 0.01640625 0.0640625
3 0.6109375 0.871875 0.025 0.06796875
3 0.5359375 0.86796875 0.0234375 0.0640625
2 0.6890625 0.87265625 0.0203125 0.06640625
2 0.875 0.88046875 0.02109375 0.0625
2 0.9515625 0.88203125 0.01875 0.0625
8 0.9203125 0.878125 0.0265625 0.06953125