0 0.85546875 0.8234375 0.015625 0.028125
9 0.9640625 0.81328125 0.02109375 0.0640625
0 0.82265625 0.8234375 0.0140625 0.028125
0 0.5828125 0.82421875 0.0109375 0.03046875
1 0.74140625 0.8171875 0.0140625 0.0640625
5 0.7734375 0.8171875 0.02109375 0.04140625
5 0.503125 0.81796875 0.0203125 0.03984375
2 0.45703125 0.8171875 0.01875 0.05625
7 0.93359375 0.81484375 0.02734375 0.0640625
7 0.8859375 0.81640625 0.0265625 0.0625
7 0.69375 0.8171875 0.025 0.06796875
4 0.534375 0.81796875 0.0140625 0.0625
3 0.61328125 0.81796875 0.0265625 0.0625
2 0.6609375 0.82109375 0.02265625 0.07578125