0 0.6640625 0.8515625 0.01328125 0.028125
0 0.58515625 0.85390625 0.0109375 0.028125
0 0.853125 0.8484375 0.01796875 0.028125
0 0.8203125 0.84921875 0.0140625 0.0265625
5 0.7734375 0.8421875 0.0234375 0.04375
1 0.7421875 0.84453125 0.015625 0.0625
5 0.61640625 0.8453125 0.02265625 0.04140625
4 0.5390625 0.84609375 0.0140625 0.05859375
8 0.69453125 0.8421875 0.025 0.05859375
2 0.46171875 0.8484375 0.01875 0.0546875
5 0.5078125 0.846875 0.0203125 0.0375
8 0.92890625 0.8359375 0.025 0.0640625
7 0.96015625 0.8359375 0.02265625 0.06796875
2 0.88359375 0.840625 0.0234375 0.0625