0 0.83359375 0.85390625 0.02109375 0.0359375
0 0.803125 0.8546875 0.01796875 0.03359375
4 0.86484375 0.84921875 0.0203125 0.06015625
4 0.94375 0.85 0.0203125 0.0625
0 0.565625 0.84921875 0.0140625 0.0375
7 0.9109375 0.84921875 0.02890625 0.0640625
1 0.72109375 0.8453125 0.01875 0.07578125
1 0.6421875 0.84453125 0.01796875 0.06953125
5 0.75390625 0.84609375 0.02734375 0.04375
2 0.6765625 0.84609375 0.02890625 0.06640625
2 0.4421875 0.8375 0.0203125 0.071875
2 0.51875 0.840625 0.01875 0.06953125
2 0.596875 0.8421875 0.025 0.06953125
8 0.4859375 0.83671875 0.0234375 0.07734375