0 0.875 0.85078125 0.0234375 0.03359375
0 0.8140625 0.85 0.015625 0.028125
0 0.84375 0.8515625 0.02265625 0.0359375
7 0.9515625 0.84453125 0.02734375 0.06640625
0 0.5828125 0.8453125 0.01796875 0.0375
5 0.7671875 0.840625 0.02734375 0.04375
2 0.4609375 0.840625 0.0234375 0.07734375
3 0.53671875 0.8359375 0.02890625 0.0640625
6 0.6890625 0.83671875 0.025 0.0625
2 0.65859375 0.8375 0.0234375 0.06015625
1 0.734375 0.8421875 0.02109375 0.06640625
8 0.5046875 0.83359375 0.02890625 0.0640625
3 0.91875 0.84609375 0.0265625 0.0625
2 0.6140625 0.83984375 0.025 0.06796875