0 0.809375 0.859375 0.01171875 0.03203125
0 0.6546875 0.85546875 0.01171875 0.028125
0 0.57734375 0.8546875 0.01171875 0.0265625
1 0.94921875 0.85625 0.01796875 0.06796875
0 0.8703125 0.859375 0.0140625 0.03203125
1 0.60859375 0.8484375 0.0140625 0.0625
2 0.45625 0.84609375 0.0203125 0.0625
1 0.73203125 0.853125 0.01640625 0.06015625
5 0.76328125 0.85078125 0.02109375 0.04140625
1 0.840625 0.85390625 0.01640625 0.06640625
5 0.6859375 0.84921875 0.02109375 0.0375
2 0.91875 0.85390625 0.02265625 0.06640625
7 0.5 0.84609375 0.02890625 0.06640625
7 0.53203125 0.8453125 0.0234375 0.0640625