0 0.82109375 0.83359375 0.01640625 0.03046875
0 0.5953125 0.8359375 0.02109375 0.03359375
1 0.8515625 0.828125 0.01875 0.0640625
1 0.74375 0.83046875 0.02265625 0.0640625
1 0.66953125 0.828125 0.02265625 0.06796875
5 0.775 0.82734375 0.02890625 0.046875
7 0.95390625 0.8234375 0.0296875 0.0625
3 0.7 0.82734375 0.0265625 0.06953125
5 0.88125 0.82734375 0.0234375 0.03984375
8 0.51875 0.8265625 0.0296875 0.0640625
9 0.9234375 0.82421875 0.025 0.0640625
3 0.553125 0.828125 0.0296875 0.0640625
2 0.47578125 0.83125 0.0296875 0.06640625
2 0.6265625 0.828125 0.02890625 0.06796875