0 0.85859375 0.82734375 0.0140625 0.02421875
0 0.8265625 0.82734375 0.01328125 0.028125
1 0.59375 0.83046875 0.015625 0.06796875
2 0.54921875 0.828125 0.02265625 0.0640625
1 0.74921875 0.82421875 0.01796875 0.071875
2 0.67109375 0.8234375 0.02734375 0.06953125
4 0.8890625 0.81875 0.01796875 0.05625
5 0.78046875 0.82109375 0.02265625 0.04140625
9 0.96484375 0.8140625 0.01796875 0.0546875
2 0.471875 0.83046875 0.0203125 0.06796875
2 0.70390625 0.8234375 0.0265625 0.06640625
8 0.51640625 0.8265625 0.0265625 0.06796875
2 0.62578125 0.828125 0.02734375 0.06796875
6 0.93359375 0.81640625 0.02109375 0.05859375