0 0.80390625 0.83515625 0.0234375 0.0359375
0 0.63828125 0.8359375 0.0234375 0.04140625
0 0.559375 0.83515625 0.01875 0.03984375
4 0.67109375 0.83125 0.0234375 0.06640625
1 0.83671875 0.8265625 0.02109375 0.06796875
1 0.7203125 0.8265625 0.02109375 0.07578125
4 0.92109375 0.82421875 0.02109375 0.0640625
8 0.95703125 0.82109375 0.03359375 0.05625
5 0.7546875 0.8265625 0.02890625 0.04921875
2 0.871875 0.82421875 0.02734375 0.0640625
2 0.4390625 0.8265625 0.025 0.06796875
4 0.59140625 0.83125 0.025 0.0625
3 0.515625 0.82578125 0.02890625 0.06640625
8 0.48125 0.8234375 0.03125 0.06640625