0 0.865625 0.83359375 0.0140625 0.03359375
5 0.89609375 0.82578125 0.02109375 0.03984375
0 0.60234375 0.83203125 0.01171875 0.03046875
0 0.8359375 0.83515625 0.0140625 0.028125
1 0.971875 0.8265625 0.015625 0.0640625
1 0.68046875 0.82421875 0.015625 0.06015625
5 0.5234375 0.82265625 0.02109375 0.04140625
1 0.75859375 0.83125 0.01875 0.0625
5 0.6328125 0.8234375 0.02265625 0.04375
5 0.7890625 0.82734375 0.0234375 0.03984375
6 0.7109375 0.8234375 0.0265625 0.05859375
2 0.478125 0.821875 0.0203125 0.05859375
7 0.940625 0.82578125 0.0265625 0.06953125
4 0.55625 0.821875 0.01796875 0.0625