0 0.8484375 0.8453125 0.0140625 0.0265625
0 0.5890625 0.85078125 0.015625 0.03046875
5 0.77265625 0.84140625 0.0234375 0.04140625
0 0.81875 0.846875 0.0140625 0.0265625
5 0.88046875 0.8390625 0.02265625 0.04375
1 0.9578125 0.8359375 0.01796875 0.05625
4 0.6203125 0.84375 0.01875 0.06015625
1 0.74140625 0.846875 0.01796875 0.06015625
5 0.9265625 0.8375 0.0265625 0.04140625
1 0.6640625 0.83984375 0.0140625 0.0640625
6 0.6953125 0.840625 0.0234375 0.05859375
2 0.4671875 0.8484375 0.0203125 0.06640625
2 0.54296875 0.84453125 0.02109375 0.06640625
8 0.5109375 0.846875 0.0234375 0.06796875