0 0.82109375 0.83203125 0.0140625 0.0265625
0 0.66640625 0.83125 0.0140625 0.03203125
0 0.59140625 0.83359375 0.01640625 0.03359375
1 0.853125 0.82578125 0.01796875 0.0625
1 0.6984375 0.8265625 0.01796875 0.0640625
1 0.74453125 0.8265625 0.0203125 0.06015625
3 0.92890625 0.8234375 0.02734375 0.06640625
9 0.9609375 0.82109375 0.02734375 0.06015625
8 0.5140625 0.82734375 0.02734375 0.0625
5 0.77421875 0.8234375 0.02265625 0.04375
2 0.46953125 0.828125 0.0203125 0.06796875
9 0.88359375 0.8234375 0.025 0.06640625
2 0.5453125 0.82890625 0.0234375 0.06640625
2 0.62109375 0.8234375 0.025 0.06640625