0 0.85859375 0.82109375 0.0140625 0.0265625
0 0.8234375 0.82109375 0.0140625 0.0265625
4 0.97890625 0.8140625 0.01796875 0.05859375
5 0.771875 0.8125 0.025 0.04375
2 0.434375 0.81796875 0.02890625 0.0734375
2 0.52109375 0.81328125 0.02734375 0.0640625
1 0.73671875 0.81328125 0.01640625 0.06796875
9 0.94453125 0.8125 0.02265625 0.0546875
2 0.60390625 0.8125 0.03125 0.06640625
1 0.56796875 0.81640625 0.02109375 0.06953125
4 0.8921875 0.8140625 0.01796875 0.0546875
8 0.48203125 0.8125 0.03359375 0.06953125
2 0.6515625 0.81484375 0.0296875 0.07578125
7 0.6875 0.8125 0.0296875 0.06953125