0 0.5671875 0.821875 0.015625 0.0359375
0 0.83984375 0.82578125 0.01796875 0.028125
1 0.7265625 0.81953125 0.01796875 0.06953125
1 0.59765625 0.81640625 0.01875 0.06953125
2 0.440625 0.8125 0.0265625 0.06640625
5 0.75859375 0.8171875 0.025 0.04140625
0 0.80859375 0.82421875 0.01640625 0.0265625
2 0.6453125 0.8171875 0.0265625 0.071875
6 0.92109375 0.81875 0.0265625 0.053125
7 0.48359375 0.809375 0.0296875 0.07890625
9 0.8734375 0.81953125 0.0234375 0.0546875
3 0.9546875 0.81953125 0.0265625 0.0546875
7 0.5171875 0.8109375 0.02734375 0.07578125
7 0.67890625 0.81484375 0.03125 0.06796875