0 0.65 0.84453125 0.0140625 0.03203125
0 0.5734375 0.8453125 0.0140625 0.03359375
1 0.60390625 0.8375 0.01796875 0.0640625
1 0.72578125 0.83984375 0.015625 0.06796875
1 0.803125 0.83984375 0.015625 0.06015625
1 0.68046875 0.83984375 0.015625 0.06796875
5 0.75703125 0.83984375 0.0265625 0.04140625
2 0.45390625 0.8390625 0.02265625 0.06640625
9 0.8640625 0.83984375 0.02109375 0.05625
6 0.8328125 0.8390625 0.02265625 0.05859375
3 0.52890625 0.83515625 0.0234375 0.06640625
3 0.94140625 0.8390625 0.02890625 0.0625
8 0.496875 0.83515625 0.025 0.06640625
9 0.9109375 0.83984375 0.0234375 0.06015625