0 0.84609375 0.83515625 0.01171875 0.02421875
0 0.6125 0.8375 0.015625 0.03359375
0 0.81640625 0.8359375 0.0109375 0.0265625
5 0.76796875 0.82890625 0.0234375 0.03984375
9 0.95625 0.82578125 0.01875 0.05859375
1 0.65859375 0.828125 0.01640625 0.071875
1 0.58125 0.83203125 0.01875 0.071875
1 0.7359375 0.83203125 0.01796875 0.0640625
5 0.92421875 0.8265625 0.0203125 0.0375
9 0.68984375 0.828125 0.0203125 0.071875
6 0.5359375 0.83046875 0.02109375 0.06796875
2 0.46171875 0.83359375 0.0234375 0.06796875
7 0.5046875 0.82890625 0.02890625 0.06640625
9 0.8765625 0.82578125 0.01796875 0.0546875