0 0.8234375 0.846875 0.0140625 0.03046875
0 0.58828125 0.84921875 0.01171875 0.0375
0 0.6640625 0.846875 0.0140625 0.0375
1 0.74375 0.84140625 0.015625 0.071875
1 0.85625 0.84140625 0.01875 0.071875
5 0.8859375 0.8390625 0.0234375 0.046875
5 0.77578125 0.8390625 0.02265625 0.046875
2 0.46484375 0.840625 0.0203125 0.06640625
3 0.93203125 0.83515625 0.02890625 0.06953125
7 0.50859375 0.8390625 0.0265625 0.07734375
8 0.9640625 0.83359375 0.0265625 0.06015625
7 0.696875 0.8390625 0.02734375 0.0734375
7 0.54140625 0.8390625 0.025 0.0734375
2 0.61796875 0.840625 0.01875 0.06953125