0 0.8640625 0.8265625 0.01796875 0.0453125
4 0.9765625 0.81484375 0.0234375 0.0640625
9 0.94375 0.81484375 0.02890625 0.0640625
1 0.671875 0.82578125 0.025 0.0734375
0 0.59296875 0.8328125 0.0234375 0.04375
1 0.70625 0.82734375 0.02109375 0.07734375
5 0.896875 0.81484375 0.02734375 0.0453125
0 0.83359375 0.8234375 0.0203125 0.04375
2 0.465625 0.83203125 0.02890625 0.06796875
8 0.51015625 0.82578125 0.03203125 0.06640625
1 0.75390625 0.82421875 0.02109375 0.071875
3 0.54609375 0.828125 0.03125 0.06796875
5 0.7859375 0.81875 0.03125 0.053125
2 0.62734375 0.8265625 0.03125 0.07578125