2 0.56796875 0.83984375 0.02890625 0.07578125
1 0.61328125 0.8375 0.0265625 0.0828125
1 0.64765625 0.8375 0.0234375 0.07578125
0 0.72890625 0.84609375 0.02109375 0.04375
0 0.8578125 0.84453125 0.0203125 0.0359375
3 0.9234375 0.83125 0.025 0.0625
8 0.95625 0.82890625 0.0296875 0.0546875
2 0.48359375 0.840625 0.0265625 0.08515625
4 0.98828125 0.8328125 0.01875 0.05859375
2 0.69609375 0.83671875 0.02890625 0.08125
3 0.89296875 0.8328125 0.02890625 0.06640625
1 0.77734375 0.83515625 0.0234375 0.07734375
5 0.8109375 0.8328125 0.0296875 0.05859375
8 0.53046875 0.83515625 0.03203125 0.0890625