0 0.8359375 0.8390625 0.0109375 0.028125
0 0.68203125 0.8390625 0.0140625 0.03203125
0 0.60546875 0.83671875 0.01328125 0.0359375
1 0.6359375 0.82890625 0.015625 0.06953125
8 0.9390625 0.8265625 0.0203125 0.05625
1 0.759375 0.83046875 0.01640625 0.0640625
2 0.8640625 0.82890625 0.01875 0.0625
5 0.78984375 0.82890625 0.0203125 0.04375
9 0.89453125 0.8265625 0.01796875 0.06015625
2 0.4828125 0.82890625 0.0203125 0.0734375
2 0.7140625 0.83046875 0.0203125 0.06796875
7 0.55859375 0.82890625 0.025 0.07734375
7 0.5265625 0.828125 0.02734375 0.07578125
7 0.96640625 0.82734375 0.01875 0.0625