0 0.8390625 0.85078125 0.01640625 0.03046875
0 0.80625 0.84921875 0.01640625 0.03359375
0 0.57265625 0.8453125 0.01875 0.0375
1 0.72890625 0.84140625 0.02109375 0.07578125
2 0.64921875 0.8375 0.02265625 0.06796875
5 0.76015625 0.8390625 0.02734375 0.05078125
8 0.68203125 0.8328125 0.02890625 0.0625
1 0.91640625 0.84453125 0.01796875 0.0734375
8 0.9484375 0.84375 0.02890625 0.07578125
8 0.49453125 0.83125 0.02734375 0.0625
3 0.52890625 0.83359375 0.02890625 0.0640625
2 0.44921875 0.83515625 0.025 0.06640625
7 0.87109375 0.84375 0.0296875 0.06796875
2 0.6046875 0.8390625 0.0265625 0.0734375