0 0.83125 0.8546875 0.01328125 0.0265625
0 0.5703125 0.84609375 0.0140625 0.03203125
5 0.67734375 0.84140625 0.02109375 0.0453125
1 0.721875 0.8484375 0.01796875 0.0625
8 0.94140625 0.846875 0.0234375 0.0640625
3 0.52578125 0.83515625 0.02265625 0.06640625
5 0.75390625 0.8453125 0.02109375 0.0375
6 0.59921875 0.8390625 0.025 0.06640625
2 0.4515625 0.8359375 0.01875 0.06796875
1 0.64609375 0.8421875 0.01796875 0.06953125
5 0.90859375 0.846875 0.0203125 0.0453125
8 0.49375 0.8359375 0.0234375 0.071875
2 0.8625 0.846875 0.0203125 0.05625