0 0.6625 0.84140625 0.015625 0.03046875
0 0.58828125 0.84140625 0.01640625 0.03046875
0 0.81640625 0.84140625 0.01328125 0.0265625
1 0.7390625 0.83515625 0.01640625 0.06640625
1 0.61875 0.8359375 0.02109375 0.0640625
1 0.846875 0.83515625 0.015625 0.05859375
8 0.69375 0.83046875 0.02734375 0.06015625
3 0.54140625 0.828125 0.0234375 0.0640625
5 0.7703125 0.83359375 0.0234375 0.04140625
1 0.878125 0.83515625 0.015625 0.05859375
8 0.5109375 0.828125 0.0234375 0.0640625
6 0.95078125 0.83359375 0.02265625 0.06015625
2 0.46640625 0.83046875 0.0203125 0.06796875
3 0.921875 0.83359375 0.025 0.06015625