0 0.825 0.83515625 0.01640625 0.028125
0 0.67265625 0.8390625 0.0140625 0.03203125
0 0.59375 0.840625 0.0140625 0.03203125
2 0.471875 0.83515625 0.0203125 0.07734375
1 0.85546875 0.828125 0.015625 0.06796875
1 0.7484375 0.828125 0.01875 0.06796875
5 0.77890625 0.82578125 0.02265625 0.04375
8 0.6265625 0.8328125 0.03125 0.05859375
8 0.8859375 0.8234375 0.0265625 0.06640625
7 0.70234375 0.828125 0.02890625 0.071875
8 0.51796875 0.83359375 0.0265625 0.07578125
2 0.5484375 0.8328125 0.02109375 0.06640625
3 0.9609375 0.821875 0.0234375 0.06953125
6 0.9296875 0.82109375 0.0234375 0.0640625