0 0.6578125 0.85390625 0.01328125 0.03203125
0 0.8421875 0.86015625 0.01328125 0.0265625
0 0.58046875 0.8515625 0.01328125 0.028125
6 0.94921875 0.85 0.025 0.06640625
9 0.6890625 0.84609375 0.02109375 0.0625
5 0.76640625 0.84921875 0.02265625 0.04140625
1 0.9203125 0.85390625 0.01875 0.0625
1 0.73515625 0.85078125 0.01796875 0.06015625
2 0.45859375 0.8421875 0.01875 0.0625
5 0.6109375 0.84453125 0.0203125 0.03984375
8 0.5015625 0.84375 0.02265625 0.0640625
2 0.534375 0.84453125 0.02109375 0.0625
7 0.8734375 0.8515625 0.02890625 0.06640625
0 0.81015625 0.86015625 0.01875 0.03203125