0 0.60625 0.8453125 0.02265625 0.04921875
0 0.68359375 0.8421875 0.01875 0.0359375
1 0.83828125 0.82890625 0.01640625 0.06640625
1 0.71484375 0.83359375 0.01796875 0.07890625
5 0.79296875 0.83046875 0.0265625 0.0453125
3 0.565625 0.83671875 0.0265625 0.06953125
1 0.86875 0.83125 0.0140625 0.06640625
1 0.76015625 0.83046875 0.0203125 0.07578125
9 0.9609375 0.8265625 0.0203125 0.05625
4 0.93125 0.83203125 0.015625 0.0640625
2 0.48828125 0.8421875 0.02890625 0.08125
8 0.53125 0.8328125 0.03125 0.08125
6 0.9 0.83046875 0.02109375 0.06015625
1 0.6390625 0.83515625 0.0265625 0.07734375