0 0.6234375 0.84140625 0.0140625 0.03046875
0 0.8890625 0.840625 0.015625 0.028125
4 0.98203125 0.83046875 0.0140625 0.06015625
0 0.85625 0.84140625 0.015625 0.03046875
5 0.81171875 0.828125 0.0265625 0.0453125
3 0.953125 0.83046875 0.02265625 0.0640625
1 0.70234375 0.828125 0.01640625 0.06015625
1 0.7796875 0.83203125 0.01875 0.0640625
1 0.734375 0.83046875 0.01640625 0.06015625
5 0.65703125 0.83046875 0.02109375 0.04921875
2 0.50234375 0.83125 0.01640625 0.06953125
7 0.92109375 0.83125 0.02734375 0.06640625
2 0.58046875 0.8328125 0.02265625 0.06953125
8 0.54765625 0.83125 0.0234375 0.06953125