0 0.8296875 0.84140625 0.0140625 0.03359375
0 0.59296875 0.84453125 0.0140625 0.03203125
4 0.96796875 0.83203125 0.0140625 0.05625
1 0.86171875 0.83671875 0.01640625 0.0625
6 0.93515625 0.82734375 0.02265625 0.05859375
1 0.7515625 0.83515625 0.015625 0.05859375
3 0.546875 0.8328125 0.0296875 0.06640625
5 0.6234375 0.83515625 0.02109375 0.04375
2 0.67265625 0.83515625 0.02109375 0.05859375
5 0.51484375 0.8359375 0.02265625 0.04140625
1 0.7046875 0.83671875 0.01640625 0.0625
2 0.46875 0.8375 0.01796875 0.06015625
6 0.78125 0.83125 0.02265625 0.0625
2 0.89296875 0.83203125 0.02109375 0.06015625