0 0.840625 0.8390625 0.01171875 0.02421875
0 0.809375 0.8359375 0.01171875 0.0265625
0 0.58046875 0.83046875 0.01328125 0.03046875
1 0.6109375 0.82421875 0.015625 0.06796875
5 0.76328125 0.82734375 0.0234375 0.04375
1 0.65546875 0.82421875 0.015625 0.0640625
1 0.7328125 0.83046875 0.01796875 0.0640625
1 0.871875 0.83203125 0.015625 0.06015625
5 0.94921875 0.83203125 0.02265625 0.0453125
5 0.6859375 0.82421875 0.02265625 0.04140625
2 0.46015625 0.81953125 0.0203125 0.06953125
8 0.50390625 0.81796875 0.0234375 0.06953125
3 0.53515625 0.81875 0.02265625 0.06796875
7 0.9171875 0.83125 0.025 0.06640625