5 0.9578125 0.85625 0.025 0.04140625
0 0.6390625 0.86640625 0.01328125 0.03359375
0 0.84296875 0.8671875 0.01640625 0.028125
0 0.80859375 0.86640625 0.0140625 0.03046875
0 0.55546875 0.86640625 0.01328125 0.03046875
1 0.8765625 0.85859375 0.01875 0.06015625
1 0.7234375 0.8609375 0.02265625 0.06953125
5 0.75703125 0.859375 0.0234375 0.04375
9 0.925 0.85546875 0.0234375 0.05859375
5 0.47265625 0.8578125 0.0234375 0.04375
2 0.42421875 0.85859375 0.0203125 0.0640625
4 0.5890625 0.8578125 0.01796875 0.06640625
9 0.671875 0.8546875 0.02265625 0.06796875
3 0.50625 0.85625 0.0265625 0.0640625