0 0.8484375 0.83359375 0.0203125 0.03046875
0 0.5765625 0.83515625 0.01796875 0.03203125
0 0.65546875 0.83359375 0.015625 0.03046875
0 0.8171875 0.83359375 0.01796875 0.03046875
5 0.76875 0.8265625 0.02890625 0.04921875
1 0.7359375 0.82890625 0.0203125 0.0734375
4 0.6890625 0.8265625 0.0203125 0.0640625
8 0.8828125 0.82578125 0.03203125 0.0546875
2 0.96015625 0.82265625 0.02265625 0.06015625
4 0.92890625 0.8265625 0.0234375 0.05625
8 0.496875 0.8234375 0.02734375 0.0625
2 0.4515625 0.82890625 0.02265625 0.06953125
3 0.5296875 0.82421875 0.0265625 0.0640625
2 0.6078125 0.82578125 0.0203125 0.06953125