0 0.828125 0.86328125 0.0203125 0.03203125
0 0.59609375 0.86015625 0.0203125 0.03359375
0 0.67265625 0.859375 0.01875 0.03984375
1 0.75 0.853125 0.02109375 0.0640625
4 0.92265625 0.85625 0.02109375 0.06015625
1 0.859375 0.85390625 0.01640625 0.06640625
9 0.70546875 0.84921875 0.025 0.06796875
5 0.78203125 0.8515625 0.0265625 0.04375
3 0.553125 0.846875 0.0296875 0.0640625
3 0.628125 0.85 0.0296875 0.06953125
2 0.47421875 0.84609375 0.02734375 0.06953125
8 0.89140625 0.853125 0.02734375 0.05625
6 0.9515625 0.8515625 0.02734375 0.05859375
8 0.51875 0.84453125 0.0296875 0.06640625