0 0.87734375 0.8265625 0.01171875 0.03046875
0 0.8484375 0.82421875 0.015625 0.03359375
0 0.6109375 0.81015625 0.01171875 0.028125
6 0.9828125 0.82109375 0.01796875 0.06015625
1 0.76875 0.81796875 0.01875 0.06953125
8 0.5296875 0.8 0.02109375 0.05625
1 0.68984375 0.8125 0.015625 0.06640625
5 0.7984375 0.81640625 0.02109375 0.03984375
2 0.9546875 0.82265625 0.02109375 0.06015625
2 0.4859375 0.796875 0.0140625 0.05859375
5 0.64296875 0.80625 0.02109375 0.0359375
2 0.5640625 0.803125 0.0203125 0.05859375
6 0.909375 0.8171875 0.02109375 0.06015625
8 0.7203125 0.81015625 0.02890625 0.0625