0 0.57734375 0.8453125 0.01171875 0.03359375
0 0.65390625 0.84921875 0.015625 0.03359375
0 0.91796875 0.85390625 0.01640625 0.0359375
0 0.81015625 0.8515625 0.015625 0.03203125
3 0.9484375 0.846875 0.025 0.06015625
1 0.73125 0.840625 0.01796875 0.06640625
2 0.68671875 0.840625 0.0234375 0.06953125
6 0.871875 0.84140625 0.02734375 0.06015625
2 0.53203125 0.83671875 0.01875 0.06640625
2 0.45625 0.83515625 0.01875 0.0734375
5 0.7640625 0.84140625 0.025 0.0453125
2 0.84140625 0.84453125 0.0234375 0.06640625
3 0.60859375 0.8390625 0.02734375 0.0625
8 0.49921875 0.8359375 0.02265625 0.07578125