0 0.821875 0.83984375 0.01328125 0.0265625
0 0.58984375 0.84453125 0.0109375 0.028125
4 0.696875 0.83515625 0.015625 0.0625
1 0.9265625 0.83203125 0.0140625 0.06015625
1 0.85078125 0.83203125 0.015625 0.05625
1 0.74375 0.8359375 0.0140625 0.0640625
1 0.665625 0.83515625 0.0140625 0.0625
5 0.51484375 0.8375 0.025 0.04140625
5 0.775 0.8328125 0.02109375 0.04375
3 0.54609375 0.83671875 0.025 0.05859375
4 0.62109375 0.8359375 0.015625 0.06015625
1 0.88125 0.82890625 0.01640625 0.0546875
2 0.9578125 0.83125 0.02265625 0.0625
2 0.46875 0.840625 0.01875 0.05859375