0 0.81328125 0.85859375 0.01640625 0.0265625
0 0.84296875 0.86015625 0.0140625 0.0265625
1 0.65625 0.846875 0.015625 0.071875
1 0.57890625 0.84453125 0.015625 0.06640625
5 0.76640625 0.85 0.02734375 0.046875
8 0.68671875 0.8453125 0.0265625 0.071875
1 0.73359375 0.8515625 0.01796875 0.06953125
2 0.6109375 0.84921875 0.0265625 0.071875
2 0.534375 0.84140625 0.0234375 0.0640625
6 0.8734375 0.8515625 0.025 0.05859375
4 0.91796875 0.85546875 0.01875 0.0625
2 0.45859375 0.8390625 0.0203125 0.06640625
9 0.9484375 0.853125 0.02265625 0.05625
8 0.5015625 0.83984375 0.02734375 0.071875