1 0.80078125 0.7953125 0.01328125 0.05859375
0 0.76796875 0.80078125 0.0140625 0.03203125
0 0.8796875 0.81015625 0.01640625 0.03203125
1 0.61328125 0.79140625 0.01875 0.05859375
9 0.9140625 0.80546875 0.02265625 0.05625
1 0.64375 0.78984375 0.01796875 0.0625
1 0.565625 0.7890625 0.01875 0.0640625
1 0.68984375 0.7921875 0.01796875 0.06015625
1 0.534375 0.7875 0.02109375 0.0625
2 0.41171875 0.78671875 0.0265625 0.05625
2 0.490625 0.78671875 0.0265625 0.05625
5 0.7203125 0.79140625 0.0234375 0.04375
8 0.45546875 0.7859375 0.03203125 0.05859375
6 0.83125 0.7953125 0.02265625 0.05859375