0 0.84609375 0.85 0.01328125 0.028125
0 0.5859375 0.84453125 0.01171875 0.028125
0 0.81484375 0.846875 0.01328125 0.0265625
4 0.953125 0.84375 0.01796875 0.06015625
1 0.7390625 0.84375 0.01640625 0.06015625
8 0.92265625 0.840625 0.0234375 0.05859375
5 0.7703125 0.83984375 0.0234375 0.04140625
1 0.61640625 0.8390625 0.01328125 0.0625
5 0.69375 0.8390625 0.02265625 0.03984375
9 0.8765625 0.840625 0.0203125 0.05859375
2 0.6609375 0.83671875 0.0203125 0.0625
2 0.465625 0.8390625 0.01875 0.06953125
2 0.540625 0.8390625 0.01875 0.0625
8 0.50859375 0.83671875 0.0265625 0.06640625