5 0.89375 0.8390625 0.03125 0.04375
0 0.8578125 0.8453125 0.02265625 0.03359375
0 0.8234375 0.8484375 0.025 0.03203125
3 0.97890625 0.83125 0.02890625 0.0625
4 0.67890625 0.846875 0.0265625 0.0640625
5 0.76953125 0.8421875 0.03203125 0.046875
4 0.94375 0.83671875 0.02265625 0.046875
0 0.55078125 0.85546875 0.02734375 0.03984375
2 0.496875 0.84609375 0.03203125 0.06953125
2 0.40546875 0.8453125 0.0296875 0.0640625
4 0.5875 0.85078125 0.0296875 0.0640625
2 0.64140625 0.8453125 0.03125 0.06796875
1 0.7328125 0.84453125 0.025 0.0734375
8 0.45703125 0.8453125 0.03828125 0.06796875