0 0.5875 0.84453125 0.01328125 0.03203125
0 0.81640625 0.8484375 0.01328125 0.02421875
1 0.8453125 0.8421875 0.01640625 0.05859375
9 0.9515625 0.8375 0.02109375 0.06015625
4 0.61875 0.8375 0.01640625 0.0640625
1 0.7390625 0.84140625 0.015625 0.06015625
2 0.46796875 0.8359375 0.02109375 0.0640625
5 0.7703125 0.83984375 0.02109375 0.0375
6 0.91953125 0.840625 0.02265625 0.05859375
3 0.54375 0.83515625 0.025 0.0625
1 0.6625 0.83671875 0.01328125 0.0625
8 0.51171875 0.83359375 0.0265625 0.0640625
7 0.8765625 0.840625 0.02890625 0.06640625
9 0.69375 0.8359375 0.01796875 0.06015625