0 0.57109375 0.83671875 0.01171875 0.03203125
0 0.80390625 0.84453125 0.01171875 0.028125
1 0.72578125 0.83671875 0.015625 0.0625
1 0.83515625 0.840625 0.015625 0.05859375
5 0.75703125 0.83671875 0.02109375 0.03984375
2 0.9140625 0.8421875 0.0234375 0.06640625
7 0.49453125 0.82421875 0.02734375 0.06796875
9 0.9453125 0.83984375 0.01875 0.06015625
2 0.45078125 0.82734375 0.0203125 0.06640625
2 0.6484375 0.83203125 0.01796875 0.06015625
9 0.67890625 0.83125 0.015625 0.05859375
9 0.603125 0.83046875 0.01796875 0.06015625
2 0.86796875 0.8421875 0.02109375 0.05859375
6 0.52421875 0.82578125 0.0203125 0.06640625