2 0.6984375 0.82890625 0.025 0.06640625
0 0.8484375 0.8328125 0.01640625 0.03203125
0 0.59140625 0.83984375 0.0109375 0.03046875
2 0.66640625 0.83046875 0.0234375 0.06796875
0 0.8171875 0.8328125 0.015625 0.03203125
7 0.6984375 0.82890625 0.025 0.06640625
5 0.7734375 0.8265625 0.0265625 0.0453125
1 0.7421875 0.828125 0.0203125 0.06796875
5 0.621875 0.82890625 0.025 0.04375
3 0.54765625 0.83125 0.0265625 0.0625
2 0.471875 0.8328125 0.01796875 0.06640625
8 0.51640625 0.83203125 0.025 0.06796875
2 0.92265625 0.82265625 0.0265625 0.06015625
6 0.95390625 0.81953125 0.02890625 0.05859375
7 0.8796875 0.82578125 0.02890625 0.06640625