0 0.7015625 0.85 0.0140625 0.03984375
0 0.8234375 0.8484375 0.0140625 0.03984375
1 0.96171875 0.83984375 0.01640625 0.06796875
1 0.62578125 0.84453125 0.0203125 0.0625
1 0.85390625 0.84140625 0.0140625 0.06796875
1 0.746875 0.84140625 0.01796875 0.07578125
1 0.59375 0.8453125 0.01796875 0.0640625
6 0.5484375 0.8421875 0.02265625 0.0625
7 0.93046875 0.83984375 0.0296875 0.071875
2 0.4734375 0.84453125 0.0265625 0.06640625
5 0.7765625 0.840625 0.025 0.046875
1 0.6703125 0.8421875 0.01640625 0.0625
7 0.5171875 0.8421875 0.0296875 0.06640625
3 0.884375 0.83984375 0.0265625 0.05625