0 0.8046875 0.85625 0.01640625 0.03046875
0 0.865625 0.85546875 0.0140625 0.028125
0 0.56796875 0.8515625 0.01640625 0.0359375
1 0.725 0.85 0.01640625 0.06640625
1 0.5984375 0.84453125 0.01875 0.06640625
7 0.94296875 0.84609375 0.02890625 0.0625
1 0.83515625 0.85078125 0.0203125 0.06796875
1 0.646875 0.846875 0.01796875 0.06796875
2 0.44375 0.84140625 0.02109375 0.071875
1 0.678125 0.85 0.015625 0.06953125
1 0.9109375 0.84921875 0.015625 0.0640625
5 0.75625 0.8484375 0.0234375 0.04375
7 0.4875 0.83671875 0.0296875 0.08515625
7 0.52109375 0.84140625 0.0265625 0.07890625