0 0.59921875 0.8375 0.01328125 0.03046875
0 0.83046875 0.83046875 0.01328125 0.0265625
1 0.96640625 0.81796875 0.01328125 0.05859375
1 0.75390625 0.82734375 0.01640625 0.0625
5 0.9359375 0.81796875 0.0203125 0.03984375
5 0.70625 0.82578125 0.02265625 0.04375
5 0.78359375 0.8234375 0.0203125 0.03984375
2 0.67578125 0.828125 0.0203125 0.06796875
4 0.62890625 0.82734375 0.015625 0.0625
2 0.4765625 0.8328125 0.01875 0.06953125
2 0.553125 0.82890625 0.0203125 0.0625
2 0.86015625 0.82109375 0.01796875 0.05625
8 0.5203125 0.82890625 0.0265625 0.06953125
2 0.8890625 0.81953125 0.01875 0.05859375