0 0.8484375 0.78359375 0.01796875 0.03203125
0 0.81796875 0.78359375 0.01640625 0.03203125
0 0.6859375 0.79140625 0.01640625 0.03984375
0 0.57109375 0.796875 0.01796875 0.05078125
4 0.76640625 0.77890625 0.01875 0.0640625
7 0.9640625 0.76953125 0.02734375 0.07890625
5 0.9328125 0.76953125 0.02265625 0.04921875
7 0.5234375 0.78984375 0.02890625 0.08125
2 0.73359375 0.78046875 0.0234375 0.06953125
7 0.490625 0.7890625 0.02890625 0.07890625
4 0.88359375 0.7734375 0.01640625 0.06796875
2 0.44609375 0.7921875 0.0265625 0.07890625
2 0.60390625 0.7875 0.02265625 0.0734375
2 0.6515625 0.78515625 0.0234375 0.071875