0 0.8109375 0.84921875 0.01171875 0.03046875
1 0.9484375 0.84609375 0.0140625 0.05859375
1 0.84140625 0.8453125 0.015625 0.06015625
1 0.58046875 0.83671875 0.01328125 0.0625
1 0.7328125 0.84375 0.015625 0.071875
5 0.7640625 0.840625 0.02109375 0.04375
2 0.4609375 0.83046875 0.01875 0.06015625
1 0.65703125 0.8375 0.0140625 0.0640625
3 0.5359375 0.83125 0.02265625 0.05859375
3 0.91796875 0.8421875 0.0234375 0.0625
2 0.87109375 0.84453125 0.02109375 0.05859375
5 0.50546875 0.8328125 0.0203125 0.03984375
2 0.61171875 0.8359375 0.01875 0.0640625
8 0.6875 0.83515625 0.025 0.06640625