0 0.8390625 0.846875 0.01328125 0.03046875
0 0.65390625 0.84140625 0.01640625 0.0375
5 0.9484375 0.84453125 0.0234375 0.04375
0 0.80859375 0.846875 0.0140625 0.03046875
0 0.60703125 0.840625 0.01640625 0.03984375
1 0.5765625 0.83203125 0.01875 0.071875
1 0.72890625 0.8375 0.0203125 0.071875
6 0.68359375 0.83125 0.0234375 0.06953125
5 0.7609375 0.83671875 0.025 0.04375
5 0.91640625 0.84375 0.0234375 0.04140625
2 0.45625 0.828125 0.025 0.06796875
7 0.5 0.82734375 0.02890625 0.06640625
6 0.86953125 0.83984375 0.02265625 0.05625
6 0.53125 0.82734375 0.0234375 0.06640625