0 0.59453125 0.8421875 0.01796875 0.0359375
0 0.82421875 0.83984375 0.01796875 0.0375
0 0.93125 0.840625 0.01875 0.03203125
0 0.85546875 0.84140625 0.01796875 0.03359375
4 0.703125 0.8359375 0.0203125 0.0640625
2 0.55 0.83515625 0.0265625 0.06640625
1 0.62421875 0.8328125 0.0203125 0.06953125
2 0.67109375 0.8328125 0.0265625 0.06640625
1 0.7484375 0.83515625 0.02109375 0.06953125
2 0.47109375 0.8359375 0.02734375 0.071875
5 0.78125 0.83359375 0.02890625 0.0453125
6 0.9625 0.83046875 0.02734375 0.06015625
8 0.515625 0.83359375 0.02890625 0.06796875
7 0.8859375 0.83203125 0.02890625 0.06796875