0 0.859375 0.8640625 0.0140625 0.0265625
0 0.82890625 0.86328125 0.01171875 0.028125
1 0.9625 0.85390625 0.015625 0.05859375
1 0.75390625 0.85859375 0.01640625 0.0640625
0 0.63125 0.86484375 0.01328125 0.028125
1 0.6015625 0.8609375 0.015625 0.0625
1 0.8890625 0.8546875 0.015625 0.05625
5 0.70859375 0.85546875 0.02109375 0.03984375
5 0.78359375 0.8546875 0.0203125 0.04140625
2 0.48125 0.8609375 0.0203125 0.05859375
5 0.5265625 0.86015625 0.0203125 0.04140625
2 0.67734375 0.85546875 0.01875 0.0625
7 0.9328125 0.853125 0.025 0.06015625
3 0.5578125 0.85859375 0.02265625 0.06015625