5 0.98515625 0.8390625 0.02265625 0.04375
0 0.5953125 0.83671875 0.01171875 0.028125
0 0.840625 0.84375 0.0140625 0.03046875
1 0.67578125 0.8328125 0.015625 0.0625
4 0.70859375 0.8328125 0.0140625 0.0625
1 0.7578125 0.83515625 0.015625 0.0625
1 0.871875 0.8375 0.015625 0.06015625
3 0.9515625 0.8390625 0.025 0.05859375
5 0.79140625 0.83515625 0.02265625 0.04375
6 0.90390625 0.83671875 0.02109375 0.05859375
8 0.5140625 0.8265625 0.025 0.0640625
2 0.4671875 0.82734375 0.0203125 0.06640625
3 0.6265625 0.83125 0.025 0.05859375
2 0.54609375 0.828125 0.02109375 0.0640625