0 0.87265625 0.8265625 0.01875 0.03046875
0 0.84296875 0.828125 0.01640625 0.0265625
0 0.6171875 0.83359375 0.01328125 0.03046875
1 0.76875 0.8265625 0.01796875 0.0640625
8 0.9046875 0.81484375 0.03125 0.04921875
4 0.9484375 0.81640625 0.02109375 0.05078125
3 0.97890625 0.81484375 0.0265625 0.06015625
5 0.7984375 0.82109375 0.0234375 0.0453125
4 0.646875 0.82578125 0.01796875 0.0625
1 0.7234375 0.82421875 0.01796875 0.071875
1 0.69296875 0.82265625 0.01640625 0.0640625
2 0.49609375 0.83359375 0.01875 0.071875
2 0.571875 0.82890625 0.0203125 0.0625
8 0.53984375 0.83125 0.025 0.06640625