1 0.85078125 0.8359375 0.01328125 0.05625
0 0.6984375 0.8421875 0.01171875 0.028125
0 0.82109375 0.8421875 0.0109375 0.028125
0 0.59140625 0.84140625 0.01171875 0.03046875
9 0.9546875 0.8328125 0.01640625 0.0546875
1 0.74453125 0.8375 0.01328125 0.0640625
1 0.66875 0.83671875 0.015625 0.0625
5 0.62265625 0.83515625 0.02109375 0.04375
2 0.9265625 0.8359375 0.02109375 0.06015625
5 0.77578125 0.83671875 0.0203125 0.03984375
2 0.4703125 0.83359375 0.01875 0.0640625
2 0.54609375 0.83359375 0.01875 0.0640625
8 0.5140625 0.83359375 0.02265625 0.0640625
9 0.88046875 0.8328125 0.01796875 0.05859375