0 0.8515625 0.840625 0.015625 0.02421875
0 0.66875 0.83984375 0.01640625 0.03359375
1 0.95859375 0.8359375 0.02265625 0.05625
0 0.8203125 0.83984375 0.01640625 0.03046875
5 0.9265625 0.83359375 0.02734375 0.0453125
1 0.5921875 0.8328125 0.01796875 0.06953125
5 0.77578125 0.83203125 0.025 0.0453125
3 0.8828125 0.83359375 0.0296875 0.06015625
1 0.74375 0.83359375 0.01875 0.0640625
2 0.6234375 0.82890625 0.02265625 0.05859375
9 0.69921875 0.83046875 0.025 0.0640625
2 0.47109375 0.828125 0.0234375 0.06796875
6 0.54609375 0.8265625 0.0234375 0.0640625
7 0.5140625 0.8265625 0.03125 0.0640625