0 0.6640625 0.8671875 0.0203125 0.0359375
0 0.5859375 0.8640625 0.02109375 0.0375
0 0.81796875 0.86875 0.01640625 0.028125
5 0.878125 0.85859375 0.02265625 0.04140625
2 0.4640625 0.85625 0.0265625 0.071875
2 0.69609375 0.859375 0.0296875 0.06953125
1 0.740625 0.86328125 0.01875 0.06640625
6 0.921875 0.859375 0.02265625 0.05859375
2 0.846875 0.85625 0.02265625 0.06015625
5 0.77109375 0.859375 0.025 0.046875
2 0.54140625 0.8546875 0.02890625 0.06015625
8 0.50703125 0.85390625 0.03125 0.0625
5 0.95390625 0.8578125 0.02109375 0.03984375
3 0.61796875 0.85859375 0.03125 0.06796875