0 0.80859375 0.8 0.02109375 0.0375
0 0.840625 0.8046875 0.01875 0.03203125
0 0.64140625 0.80390625 0.01796875 0.03359375
2 0.4234375 0.79375 0.02890625 0.06953125
1 0.59140625 0.796875 0.0203125 0.06640625
4 0.87578125 0.8 0.02265625 0.05625
4 0.96015625 0.79453125 0.01796875 0.0640625
1 0.9265625 0.79609375 0.0203125 0.0640625
5 0.7578125 0.79375 0.02265625 0.04375
1 0.55703125 0.7984375 0.02109375 0.06796875
1 0.725 0.796875 0.02109375 0.06640625
6 0.675 0.79375 0.03125 0.06640625
7 0.4734375 0.7921875 0.03203125 0.06796875
6 0.50703125 0.79375 0.02890625 0.06640625