0 0.92578125 0.88125 0.015625 0.03359375
0 0.58671875 0.878125 0.02109375 0.04375
0 0.69609375 0.88125 0.01640625 0.03359375
1 0.85 0.87421875 0.01640625 0.0625
0 0.82109375 0.88203125 0.0140625 0.028125
1 0.74375 0.87421875 0.01796875 0.06953125
3 0.66640625 0.87109375 0.0265625 0.06953125
5 0.77421875 0.87265625 0.025 0.046875
2 0.465625 0.8671875 0.0234375 0.06640625
2 0.95546875 0.871875 0.01796875 0.06796875
9 0.61875 0.86953125 0.02265625 0.06796875
7 0.509375 0.86640625 0.03125 0.071875
6 0.54140625 0.8671875 0.02265625 0.0734375
7 0.88125 0.86796875 0.02890625 0.071875