0 0.79609375 0.85 0.01875 0.03203125
1 0.82890625 0.846875 0.0203125 0.0640625
5 0.9453125 0.85078125 0.02890625 0.04921875
2 0.6484375 0.83671875 0.02265625 0.06640625
5 0.5109375 0.8359375 0.02109375 0.0375
4 0.909375 0.85078125 0.01875 0.0640625
5 0.75078125 0.8390625 0.02265625 0.046875
1 0.58046875 0.8390625 0.015625 0.0546875
2 0.678125 0.83671875 0.02265625 0.0625
3 0.5390625 0.8359375 0.0234375 0.06015625
3 0.8609375 0.8484375 0.02890625 0.06640625
2 0.6078125 0.8359375 0.02265625 0.06015625
1 0.7203125 0.8390625 0.01875 0.0625
2 0.46875 0.8375 0.01640625 0.06015625