0 0.6125 0.81875 0.0203125 0.0453125
0 0.8265625 0.8109375 0.0203125 0.0453125
2 0.57109375 0.81328125 0.0265625 0.07890625
0 0.88359375 0.80546875 0.0203125 0.04140625
2 0.49921875 0.8171875 0.02734375 0.08671875
2 0.85390625 0.79921875 0.025 0.06953125
8 0.540625 0.81484375 0.02890625 0.07890625
8 0.9546875 0.79453125 0.03125 0.05625
2 0.75625 0.80546875 0.0234375 0.071875
7 0.92265625 0.79609375 0.03125 0.071875
1 0.68359375 0.80625 0.02109375 0.0734375
7 0.64140625 0.8109375 0.03125 0.07578125
6 0.71171875 0.8078125 0.0265625 0.07578125
1 0.78359375 0.8078125 0.02265625 0.07578125