0 0.8703125 0.8453125 0.0265625 0.03359375
0 0.671875 0.8421875 0.02265625 0.04375
0 0.58984375 0.840625 0.02265625 0.03984375
0 0.8375 0.84375 0.025 0.0375
2 0.97421875 0.83515625 0.0296875 0.06953125
9 0.70546875 0.83125 0.02734375 0.06953125
1 0.75390625 0.83515625 0.0234375 0.06953125
2 0.4640625 0.8328125 0.02890625 0.07734375
5 0.78984375 0.83359375 0.03203125 0.04921875
8 0.625 0.83125 0.03359375 0.0546875
8 0.5109375 0.828125 0.03359375 0.07890625
8 0.93984375 0.83203125 0.03203125 0.06015625
2 0.546875 0.82890625 0.0296875 0.0734375
7 0.90390625 0.8328125 0.03203125 0.06640625