0 0.9015625 0.85078125 0.015625 0.03359375
0 0.78828125 0.84609375 0.01875 0.03203125
1 0.82109375 0.84375 0.02265625 0.06796875
1 0.70625 0.8375 0.01875 0.071875
5 0.7390625 0.83671875 0.02734375 0.04375
8 0.9375 0.84453125 0.034375 0.06640625
1 0.5484375 0.83125 0.01875 0.06640625
2 0.62578125 0.8328125 0.025 0.0734375
2 0.4234375 0.82421875 0.02109375 0.06796875
8 0.46875 0.821875 0.0296875 0.06953125
2 0.50234375 0.8265625 0.0234375 0.0640625
8 0.65859375 0.828125 0.02734375 0.06015625
2 0.58125 0.82890625 0.02890625 0.06640625
3 0.8546875 0.84140625 0.02890625 0.0640625