0 0.81875 0.8359375 0.01328125 0.0265625
0 0.878125 0.8375 0.01328125 0.03046875
0 0.58828125 0.8359375 0.0140625 0.03359375
6 0.953125 0.82421875 0.0203125 0.0640625
1 0.6640625 0.83203125 0.01328125 0.07578125
1 0.73984375 0.83125 0.01328125 0.06640625
4 0.61796875 0.82890625 0.0140625 0.06640625
4 0.9234375 0.83046875 0.0140625 0.06015625
2 0.69453125 0.83046875 0.02265625 0.06796875
2 0.46796875 0.828125 0.01875 0.0640625
5 0.77109375 0.828125 0.0203125 0.0453125
8 0.5109375 0.828125 0.02265625 0.06796875
2 0.54296875 0.828125 0.01875 0.0640625
2 0.8484375 0.82734375 0.0203125 0.06640625