0 0.5765625 0.83046875 0.0140625 0.03046875
2 0.44609375 0.8234375 0.01875 0.06640625
0 0.82109375 0.82421875 0.0140625 0.0265625
5 0.76953125 0.81875 0.025 0.04140625
1 0.65625 0.821875 0.01640625 0.06640625
8 0.49375 0.82265625 0.025 0.06796875
2 0.528125 0.8234375 0.0203125 0.06640625
6 0.9359375 0.81640625 0.0234375 0.05859375
1 0.73671875 0.82109375 0.0140625 0.071875
1 0.60859375 0.821875 0.01875 0.0625
4 0.8859375 0.81953125 0.01796875 0.0546875
7 0.6875 0.81796875 0.02734375 0.06953125
3 0.96953125 0.8171875 0.025 0.0640625
2 0.85390625 0.81953125 0.02109375 0.0625