0 0.9390625 0.8546875 0.0203125 0.03359375
0 0.8234375 0.8515625 0.01875 0.03203125
0 0.65859375 0.84921875 0.01875 0.0375
0 0.85625 0.853125 0.02109375 0.03046875
1 0.6921875 0.8390625 0.0203125 0.0734375
1 0.74140625 0.84453125 0.02265625 0.07734375
3 0.97109375 0.8484375 0.02890625 0.0625
1 0.57890625 0.83984375 0.02265625 0.071875
5 0.7734375 0.8421875 0.03125 0.05078125
6 0.52890625 0.83515625 0.025 0.06640625
7 0.496875 0.83359375 0.03203125 0.06796875
2 0.4515625 0.83671875 0.0234375 0.06640625
2 0.61328125 0.8390625 0.03125 0.06640625
7 0.88984375 0.8453125 0.03203125 0.071875