2 0.5375 0.82890625 0.025 0.06953125
1 0.58125 0.82734375 0.0203125 0.06953125
2 0.45859375 0.83203125 0.0203125 0.07578125
5 0.8796875 0.82265625 0.0234375 0.04921875
0 0.81640625 0.83046875 0.015625 0.03046875
4 0.92578125 0.8234375 0.02265625 0.06640625
1 0.61328125 0.82578125 0.01875 0.06953125
1 0.73828125 0.82421875 0.01875 0.071875
2 0.9578125 0.81796875 0.02265625 0.06640625
0 0.66015625 0.8328125 0.015625 0.0359375
1 0.69140625 0.821875 0.01875 0.06953125
5 0.76875 0.8234375 0.0234375 0.046875
8 0.5046875 0.82890625 0.0265625 0.06953125
5 0.846875 0.8234375 0.02265625 0.046875