0 0.840625 0.85859375 0.01171875 0.02265625
0 0.81015625 0.8578125 0.01328125 0.02421875
0 0.58203125 0.8484375 0.0140625 0.028125
0 0.91640625 0.86015625 0.0109375 0.0265625
5 0.7640625 0.8484375 0.02109375 0.03984375
1 0.73359375 0.85 0.015625 0.05859375
2 0.46171875 0.8390625 0.01875 0.0625
4 0.8703125 0.853125 0.0140625 0.05625
9 0.6125 0.84140625 0.01796875 0.05625
3 0.6890625 0.84453125 0.02265625 0.05859375
2 0.65859375 0.8421875 0.01875 0.05859375
8 0.50546875 0.83984375 0.02265625 0.0640625
2 0.5375 0.840625 0.0203125 0.0625
7 0.94609375 0.853125 0.02265625 0.06015625