0 0.8265625 0.8390625 0.015625 0.028125
0 0.5890625 0.84140625 0.0140625 0.03359375
1 0.85625 0.83203125 0.01796875 0.06015625
1 0.74609375 0.83515625 0.01875 0.06640625
4 0.62109375 0.83515625 0.01640625 0.0625
5 0.7796875 0.83125 0.0234375 0.04375
2 0.465625 0.83671875 0.02109375 0.06953125
6 0.6984375 0.83125 0.0234375 0.06640625
2 0.66875 0.8328125 0.025 0.0625
2 0.54296875 0.8328125 0.02109375 0.06640625
8 0.5109375 0.83515625 0.0265625 0.06640625
2 0.9328125 0.82734375 0.025 0.0625
2 0.88828125 0.83125 0.0234375 0.05859375
8 0.9640625 0.82265625 0.025 0.05625