2 0.396875 0.83359375 0.01796875 0.06015625
0 0.790625 0.8484375 0.01640625 0.028125
0 0.53203125 0.8453125 0.01640625 0.03359375
1 0.703125 0.840625 0.0203125 0.0625
1 0.6171875 0.8390625 0.0203125 0.05859375
5 0.73828125 0.83984375 0.0265625 0.04140625
3 0.4828125 0.8359375 0.02734375 0.06015625
1 0.82421875 0.84140625 0.01796875 0.06015625
8 0.44765625 0.8359375 0.0265625 0.0640625
2 0.5671875 0.83671875 0.02734375 0.0546875
4 0.65234375 0.84140625 0.01875 0.06015625
1 0.94609375 0.84453125 0.01875 0.0625
6 0.9109375 0.84140625 0.0234375 0.06015625
1 0.85859375 0.84453125 0.01796875 0.05859375