0 0.86796875 0.83125 0.0140625 0.028125
0 0.83828125 0.8328125 0.0140625 0.028125
0 0.68359375 0.83359375 0.01328125 0.03046875
0 0.60625 0.8328125 0.01171875 0.028125
1 0.9734375 0.8234375 0.01875 0.05859375
5 0.79375 0.8265625 0.025 0.04140625
5 0.94296875 0.8234375 0.0265625 0.03984375
1 0.7609375 0.82734375 0.015625 0.06953125
3 0.8984375 0.8234375 0.02890625 0.05859375
5 0.528125 0.82421875 0.02265625 0.04140625
2 0.48125 0.82421875 0.01796875 0.05625
4 0.6375 0.8265625 0.015625 0.06015625
3 0.559375 0.82265625 0.0234375 0.05625
7 0.7140625 0.82421875 0.0265625 0.06796875