0 0.58359375 0.84140625 0.0140625 0.03359375
0 0.84375 0.85 0.015625 0.02421875
2 0.4671875 0.83203125 0.0203125 0.0640625
9 0.95078125 0.8421875 0.0203125 0.0546875
3 0.53984375 0.83203125 0.025 0.06015625
5 0.92109375 0.84609375 0.0203125 0.0359375
8 0.51015625 0.8328125 0.025 0.06640625
5 0.68984375 0.8359375 0.02265625 0.04140625
9 0.8734375 0.8421875 0.02109375 0.05078125
1 0.73515625 0.840625 0.01796875 0.0546875
1 0.65859375 0.8359375 0.0203125 0.0640625
6 0.6125 0.83359375 0.025 0.0640625
5 0.76640625 0.83984375 0.02109375 0.0375