1 0.975 0.82109375 0.0140625 0.0640625
0 0.59140625 0.8546875 0.015625 0.03046875
0 0.840625 0.83984375 0.0140625 0.03046875
0 0.70859375 0.8484375 0.015625 0.0359375
1 0.9015625 0.83046875 0.01640625 0.071875
1 0.75859375 0.83984375 0.01796875 0.071875
5 0.79140625 0.83515625 0.02265625 0.046875
1 0.62578125 0.84453125 0.01796875 0.06953125
1 0.6765625 0.840625 0.01875 0.06640625
3 0.87109375 0.83125 0.02890625 0.06953125
8 0.9453125 0.81875 0.0265625 0.0640625
2 0.45234375 0.85078125 0.0234375 0.07890625
3 0.53828125 0.84609375 0.0265625 0.0734375
8 0.50234375 0.8453125 0.02890625 0.07578125