1 0.62421875 0.83203125 0.02265625 0.06015625
0 0.92890625 0.8328125 0.015625 0.028125
0 0.82265625 0.83515625 0.0140625 0.028125
0 0.59609375 0.84140625 0.015625 0.0265625
4 0.7015625 0.83203125 0.01640625 0.05625
8 0.51875 0.83984375 0.025 0.0640625
1 0.74609375 0.83125 0.01875 0.0546875
2 0.475 0.83984375 0.02109375 0.0640625
1 0.85234375 0.83046875 0.01875 0.05625
2 0.95859375 0.8234375 0.0203125 0.05859375
2 0.66875 0.83125 0.025 0.05859375
2 0.55078125 0.83671875 0.02265625 0.05859375
5 0.77734375 0.828125 0.0234375 0.04140625
7 0.8828125 0.82734375 0.02734375 0.0546875