0 0.82421875 0.8546875 0.015625 0.02265625
0 0.6015625 0.8546875 0.02109375 0.03046875
5 0.9546875 0.84921875 0.02109375 0.0375
0 0.70625 0.8546875 0.01640625 0.03046875
1 0.7515625 0.85078125 0.01640625 0.05625
2 0.4796875 0.8453125 0.02890625 0.0640625
4 0.92421875 0.85078125 0.015625 0.053125
2 0.67734375 0.84609375 0.0234375 0.05859375
5 0.78125 0.846875 0.0234375 0.0375
8 0.5234375 0.8453125 0.02890625 0.06015625
3 0.55703125 0.8453125 0.03125 0.06015625
5 0.8828125 0.846875 0.0203125 0.0375
2 0.6328125 0.846875 0.02734375 0.06796875
2 0.8546875 0.84609375 0.02109375 0.0546875