0 0.84765625 0.8421875 0.0234375 0.0359375
0 0.58203125 0.83046875 0.0234375 0.0375
0 0.8171875 0.840625 0.0203125 0.0359375
4 0.88046875 0.8375 0.0203125 0.06796875
1 0.7375 0.8328125 0.02265625 0.0734375
5 0.95625 0.83515625 0.02734375 0.05078125
1 0.69140625 0.83125 0.0234375 0.0734375
2 0.46015625 0.8234375 0.02734375 0.06953125
2 0.6609375 0.82421875 0.03125 0.071875
5 0.77109375 0.82890625 0.0296875 0.0546875
4 0.92578125 0.83671875 0.02265625 0.05859375
3 0.6140625 0.8234375 0.02890625 0.06640625
2 0.5390625 0.821875 0.02890625 0.06640625
8 0.50390625 0.81875 0.03203125 0.06796875