0 0.83671875 0.84453125 0.02109375 0.03984375
0 0.80390625 0.84375 0.0203125 0.03359375
1 0.64609375 0.8328125 0.01796875 0.06953125
0 0.56796875 0.84140625 0.01171875 0.0375
7 0.94921875 0.83359375 0.0296875 0.0640625
9 0.678125 0.83359375 0.02265625 0.0640625
1 0.725 0.8375 0.02109375 0.06796875
2 0.87109375 0.8390625 0.03125 0.05859375
5 0.7578125 0.83671875 0.02734375 0.04375
7 0.9140625 0.8375 0.02890625 0.0640625
2 0.44453125 0.83203125 0.02265625 0.06796875
2 0.6 0.8328125 0.0234375 0.0625
2 0.52109375 0.8328125 0.0203125 0.06640625
8 0.4890625 0.83125 0.025 0.06640625