0 0.846875 0.85625 0.015625 0.0265625
0 0.81640625 0.85546875 0.01328125 0.028125
0 0.5875 0.8484375 0.0109375 0.03203125
9 0.95234375 0.8484375 0.02109375 0.05859375
1 0.73984375 0.8484375 0.01796875 0.06640625
5 0.77109375 0.846875 0.0203125 0.0453125
1 0.6640625 0.8421875 0.015625 0.06953125
9 0.921875 0.8484375 0.025 0.06640625
5 0.51328125 0.8375 0.0234375 0.04921875
2 0.878125 0.846875 0.02265625 0.0640625
2 0.46875 0.8390625 0.01875 0.06953125
3 0.54375 0.83671875 0.025 0.06953125
9 0.69453125 0.840625 0.0203125 0.0734375
7 0.61875 0.83984375 0.025 0.07578125