0 0.853125 0.8265625 0.01328125 0.02265625
5 0.77421875 0.82109375 0.02265625 0.04140625
0 0.821875 0.8265625 0.01328125 0.02265625
5 0.5109375 0.82578125 0.02109375 0.03984375
0 0.5875 0.8328125 0.0109375 0.028125
3 0.9609375 0.81484375 0.0234375 0.06015625
1 0.74375 0.8234375 0.015625 0.0625
2 0.46640625 0.8265625 0.0203125 0.05625
4 0.54140625 0.82578125 0.01640625 0.05859375
4 0.88359375 0.81953125 0.015625 0.0546875
4 0.61875 0.82421875 0.01640625 0.06015625
2 0.66484375 0.82421875 0.0203125 0.0640625
8 0.69609375 0.81953125 0.0234375 0.0546875
6 0.92890625 0.81484375 0.0203125 0.053125