0 0.81640625 0.85859375 0.01796875 0.03046875
0 0.58125 0.85 0.01640625 0.0359375
0 0.65859375 0.8515625 0.01328125 0.0359375
1 0.846875 0.85 0.01796875 0.0625
4 0.8765625 0.84921875 0.0203125 0.0640625
1 0.73828125 0.8453125 0.01640625 0.071875
5 0.76953125 0.846875 0.02265625 0.0453125
9 0.6125 0.840625 0.02265625 0.06953125
2 0.4578125 0.8421875 0.0203125 0.06953125
9 0.953125 0.846875 0.0203125 0.0640625
7 0.92265625 0.84921875 0.02890625 0.06796875
8 0.5015625 0.8421875 0.02265625 0.06953125
2 0.53359375 0.84375 0.02109375 0.071875
7 0.690625 0.8421875 0.0265625 0.0734375