0 0.8484375 0.8328125 0.0140625 0.03203125
0 0.9265625 0.8328125 0.01328125 0.028125
0 0.58828125 0.83515625 0.01171875 0.03203125
0 0.81875 0.83203125 0.01328125 0.03046875
0 0.66484375 0.8328125 0.015625 0.0359375
5 0.771875 0.82421875 0.02265625 0.0453125
1 0.74140625 0.828125 0.01796875 0.06796875
2 0.46875 0.82734375 0.01875 0.06953125
6 0.87890625 0.82265625 0.02265625 0.05625
6 0.69375 0.82265625 0.02265625 0.06796875
7 0.95546875 0.82421875 0.02265625 0.0640625
2 0.54375 0.82734375 0.0203125 0.06640625
8 0.51171875 0.8265625 0.0234375 0.071875
2 0.61875 0.8265625 0.01875 0.0640625