2 0.24765625 0.78125 0.0359375 0.071875
5 0.6671875 0.78984375 0.03671875 0.0546875
0 0.55625 0.79921875 0.02734375 0.03984375
8 0.821875 0.79609375 0.04140625 0.053125
0 0.73125 0.8015625 0.03359375 0.0375
0 0.77734375 0.8015625 0.03125 0.04140625
0 0.4078125 0.79375 0.03203125 0.046875
1 0.621875 0.7890625 0.03203125 0.06796875
9 0.934375 0.7953125 0.03828125 0.06640625
8 0.88515625 0.79609375 0.04375 0.05625
9 0.4515625 0.7859375 0.03828125 0.06953125
3 0.5140625 0.7875 0.04375 0.06953125
6 0.34609375 0.78203125 0.0359375 0.06640625
7 0.303125 0.78203125 0.04140625 0.06640625