0 0.81328125 0.85 0.0140625 0.02421875
0 0.65859375 0.8453125 0.01640625 0.0375
0 0.84140625 0.85078125 0.01640625 0.0265625
0 0.58203125 0.84453125 0.01171875 0.0359375
5 0.76640625 0.840625 0.025 0.04375
9 0.95078125 0.8421875 0.0203125 0.0546875
6 0.6890625 0.8375 0.02265625 0.0640625
8 0.8734375 0.8421875 0.0234375 0.05078125
2 0.4609375 0.83515625 0.0203125 0.06953125
1 0.734375 0.84375 0.01875 0.0640625
7 0.9203125 0.8453125 0.0265625 0.06015625
2 0.6140625 0.83671875 0.0203125 0.0625
8 0.50390625 0.83515625 0.02265625 0.07734375
2 0.53671875 0.8359375 0.01875 0.0640625