0 0.5859375 0.84453125 0.0140625 0.03203125
0 0.66484375 0.84375 0.015625 0.03046875
0 0.8828125 0.83984375 0.015625 0.0265625
0 0.82265625 0.83984375 0.01171875 0.0265625
0 0.853125 0.84140625 0.015625 0.0265625
4 0.96015625 0.83046875 0.01796875 0.05625
5 0.77578125 0.83515625 0.02265625 0.04375
1 0.74453125 0.8359375 0.01796875 0.06015625
4 0.696875 0.8359375 0.0203125 0.06015625
8 0.61875 0.83515625 0.03125 0.0546875
2 0.53984375 0.8375 0.0203125 0.0640625
2 0.46328125 0.83984375 0.01875 0.06796875
6 0.92734375 0.83046875 0.0234375 0.05625
8 0.50859375 0.83671875 0.0265625 0.06953125