0 0.8203125 0.83515625 0.0140625 0.028125
0 0.665625 0.8390625 0.0140625 0.03203125
1 0.62109375 0.83359375 0.01875 0.0640625
5 0.77265625 0.82734375 0.0234375 0.04375
1 0.7421875 0.8328125 0.015625 0.06640625
8 0.696875 0.828125 0.02734375 0.05625
1 0.88203125 0.82734375 0.01640625 0.05859375
1 0.590625 0.83515625 0.01875 0.06640625
1 0.9265625 0.8234375 0.0140625 0.05859375
1 0.95625 0.821875 0.015625 0.0625
2 0.8515625 0.82421875 0.01875 0.06015625
7 0.51171875 0.83359375 0.02890625 0.0640625
6 0.54453125 0.83125 0.025 0.0625
2 0.46953125 0.8375 0.02265625 0.0640625