0 0.8328125 0.828125 0.01796875 0.03359375
1 0.67109375 0.8265625 0.02109375 0.07890625
1 0.59375 0.8265625 0.01875 0.07890625
2 0.5515625 0.8234375 0.02890625 0.07734375
1 0.75234375 0.821875 0.01875 0.0734375
2 0.46953125 0.8265625 0.025 0.071875
2 0.70625 0.8234375 0.025 0.06953125
2 0.8625 0.82109375 0.02265625 0.07578125
2 0.62890625 0.8265625 0.0296875 0.07890625
3 0.89453125 0.81875 0.0296875 0.0640625
5 0.78359375 0.82109375 0.025 0.04921875
6 0.9390625 0.81796875 0.02734375 0.06640625
8 0.51484375 0.82109375 0.0296875 0.0828125
7 0.97109375 0.81796875 0.02890625 0.06640625