0 0.8734375 0.8484375 0.0140625 0.028125
0 0.8140625 0.846875 0.0140625 0.02265625
0 0.84375 0.84921875 0.01640625 0.0265625
0 0.58359375 0.8421875 0.009375 0.028125
5 0.76796875 0.8390625 0.02109375 0.03984375
5 0.61328125 0.8359375 0.02109375 0.0375
2 0.4609375 0.8328125 0.0203125 0.0546875
4 0.69140625 0.8375 0.015625 0.06015625
5 0.50703125 0.8328125 0.02109375 0.03984375
1 0.73671875 0.83984375 0.0140625 0.06015625
4 0.5375 0.83359375 0.01328125 0.05625
2 0.66015625 0.8359375 0.0203125 0.05625
8 0.94921875 0.83984375 0.02265625 0.05625
6 0.91796875 0.840625 0.02109375 0.05859375