0 0.85703125 0.81875 0.01640625 0.03046875
1 0.7046875 0.81953125 0.01640625 0.0734375
6 0.9890625 0.80546875 0.01875 0.05625
1 0.62734375 0.8265625 0.02109375 0.07578125
9 0.9171875 0.80859375 0.02265625 0.0546875
1 0.78125 0.81875 0.0203125 0.071875
5 0.8109375 0.8140625 0.025 0.046875
9 0.96171875 0.809375 0.02109375 0.05625
8 0.7359375 0.81640625 0.0296875 0.06640625
2 0.66015625 0.82265625 0.02734375 0.06796875
7 0.54609375 0.82265625 0.03125 0.06796875
2 0.50234375 0.82578125 0.0234375 0.06953125
6 0.578125 0.82109375 0.025 0.071875
0 0.88515625 0.81796875 0.015625 0.03359375