0 0.91953125 0.87734375 0.01796875 0.03046875
0 0.84296875 0.87578125 0.01640625 0.03046875
0 0.81328125 0.8765625 0.0140625 0.03203125
0 0.58125 0.86875 0.0140625 0.03203125
5 0.76796875 0.8671875 0.0265625 0.04375
1 0.7359375 0.86953125 0.01796875 0.06796875
1 0.61328125 0.86328125 0.01640625 0.0625
2 0.95 0.8671875 0.02109375 0.06640625
8 0.875 0.86484375 0.02890625 0.05859375
1 0.659375 0.86484375 0.01640625 0.0625
2 0.45859375 0.8578125 0.02109375 0.06953125
3 0.6890625 0.8609375 0.0234375 0.06953125
3 0.5359375 0.85546875 0.0234375 0.06953125
8 0.50390625 0.85625 0.0265625 0.071875