0 0.8515625 0.82265625 0.0140625 0.0265625
0 0.58984375 0.8265625 0.01328125 0.03046875
0 0.69765625 0.82578125 0.0140625 0.028125
1 0.9609375 0.81484375 0.015625 0.05625
0 0.821875 0.82265625 0.01328125 0.0265625
5 0.88359375 0.8140625 0.02265625 0.0359375
5 0.77421875 0.81640625 0.02265625 0.04375
5 0.515625 0.81796875 0.02109375 0.03984375
3 0.9296875 0.8109375 0.0234375 0.06015625
1 0.74453125 0.81953125 0.01796875 0.05859375
1 0.66640625 0.81875 0.01640625 0.06015625
3 0.5453125 0.8171875 0.0265625 0.0640625
9 0.6203125 0.8171875 0.01875 0.0640625
2 0.47109375 0.81875 0.01796875 0.06015625