0 0.8140625 0.83515625 0.01171875 0.028125
0 0.84453125 0.8359375 0.015625 0.03046875
7 0.95390625 0.82734375 0.02734375 0.0625
5 0.76796875 0.8265625 0.0234375 0.04140625
1 0.7359375 0.83125 0.015625 0.0625
5 0.690625 0.82734375 0.02109375 0.03984375
2 0.92265625 0.828125 0.02109375 0.06015625
2 0.65859375 0.82890625 0.02265625 0.0625
1 0.584375 0.8328125 0.01875 0.0625
7 0.50703125 0.83046875 0.02890625 0.06015625
7 0.8765625 0.82890625 0.0265625 0.0625
6 0.5375 0.82890625 0.02265625 0.0625
2 0.4625 0.83359375 0.02265625 0.0640625
2 0.615625 0.82890625 0.0234375 0.0625