0 0.81875 0.8546875 0.01171875 0.02265625
1 0.88046875 0.85078125 0.015625 0.05625
5 0.7734375 0.84609375 0.02109375 0.03984375
1 0.74296875 0.8484375 0.01640625 0.05859375
0 0.61875 0.84921875 0.0140625 0.03046875
6 0.92265625 0.84921875 0.02109375 0.05625
9 0.953125 0.85 0.01796875 0.0546875
5 0.69609375 0.84375 0.02109375 0.0375
1 0.5890625 0.840625 0.015625 0.05859375
2 0.46796875 0.83671875 0.01875 0.0625
2 0.665625 0.8421875 0.01875 0.0625
2 0.54375 0.8390625 0.0203125 0.05859375
8 0.51171875 0.83671875 0.0234375 0.0625