0 0.809375 0.86796875 0.0140625 0.03046875
1 0.653125 0.8515625 0.0203125 0.06953125
2 0.6859375 0.85390625 0.02734375 0.06953125
1 0.5765625 0.846875 0.0203125 0.06796875
1 0.73046875 0.85390625 0.01796875 0.06953125
2 0.61015625 0.84609375 0.0296875 0.05859375
1 0.87265625 0.8671875 0.01640625 0.0625
7 0.9484375 0.86796875 0.0234375 0.06015625
6 0.91640625 0.86484375 0.0265625 0.06953125
5 0.76171875 0.85625 0.0234375 0.0453125
2 0.84140625 0.8640625 0.0203125 0.06796875
2 0.45546875 0.83984375 0.02265625 0.06796875
7 0.4984375 0.83984375 0.03125 0.0640625
6 0.5296875 0.83984375 0.0234375 0.06796875