0 0.8125 0.8390625 0.015625 0.028125
0 0.65546875 0.83984375 0.01328125 0.03359375
1 0.60859375 0.83359375 0.01796875 0.06796875
1 0.68671875 0.83203125 0.01640625 0.0640625
1 0.57734375 0.83203125 0.0234375 0.07578125
2 0.53359375 0.83203125 0.025 0.06796875
1 0.73359375 0.83203125 0.01875 0.06015625
5 0.8734375 0.828125 0.0234375 0.04140625
4 0.92109375 0.8265625 0.01796875 0.05625
3 0.953125 0.82578125 0.02734375 0.0625
8 0.5015625 0.83203125 0.02890625 0.071875
5 0.7640625 0.83125 0.02265625 0.04375
2 0.45703125 0.83203125 0.02109375 0.06796875
2 0.8421875 0.82734375 0.02265625 0.06640625