0 0.63125 0.81015625 0.0265625 0.03984375
0 0.54453125 0.8046875 0.025 0.03984375
0 0.80234375 0.81328125 0.02109375 0.0375
2 0.4140625 0.7953125 0.03125 0.08125
1 0.715625 0.8046875 0.0265625 0.07734375
1 0.95546875 0.80859375 0.02265625 0.07734375
1 0.665625 0.80390625 0.0265625 0.07578125
3 0.8359375 0.80546875 0.03359375 0.07890625
8 0.46171875 0.79375 0.03359375 0.07734375
2 0.8734375 0.809375 0.03125 0.07578125
5 0.7515625 0.803125 0.03203125 0.0546875
2 0.5 0.79453125 0.03359375 0.07578125
8 0.58203125 0.79921875 0.0359375 0.0625
7 0.9203125 0.8078125 0.0359375 0.07578125