0 0.84609375 0.83125 0.015625 0.028125
0 0.8140625 0.82890625 0.015625 0.028125
0 0.60859375 0.8265625 0.01796875 0.0453125
1 0.57734375 0.821875 0.01875 0.06953125
5 0.76640625 0.82109375 0.0234375 0.0453125
1 0.734375 0.8234375 0.02109375 0.06953125
9 0.87734375 0.821875 0.0234375 0.0625
6 0.6875 0.81796875 0.025 0.0625
2 0.65625 0.82109375 0.02265625 0.06796875
2 0.45546875 0.82265625 0.02265625 0.071875
8 0.925 0.81796875 0.02890625 0.0546875
7 0.4984375 0.81953125 0.03125 0.06640625
6 0.5296875 0.81875 0.0234375 0.0640625
6 0.9546875 0.81796875 0.0234375 0.0546875