0 0.840625 0.82734375 0.01640625 0.028125
1 0.64140625 0.82578125 0.0203125 0.06953125
1 0.60859375 0.82734375 0.0203125 0.06640625
0 0.71796875 0.83046875 0.01875 0.04140625
2 0.565625 0.82890625 0.0265625 0.06640625
7 0.97578125 0.81640625 0.02734375 0.0625
1 0.7640625 0.82265625 0.0203125 0.07578125
2 0.48828125 0.83359375 0.02890625 0.071875
2 0.6859375 0.8265625 0.02734375 0.07890625
9 0.9453125 0.81796875 0.0234375 0.05859375
5 0.9 0.82109375 0.0234375 0.0375
5 0.79375 0.82265625 0.0265625 0.04921875
3 0.86953125 0.81796875 0.02734375 0.0625
8 0.53125 0.82578125 0.03359375 0.0734375