0 0.625 0.82890625 0.01875 0.03203125
0 0.7984375 0.83125 0.015625 0.028125
5 0.74453125 0.82421875 0.02734375 0.0453125
1 0.8328125 0.82421875 0.0203125 0.06015625
1 0.7109375 0.82578125 0.0203125 0.06953125
1 0.9171875 0.8234375 0.015625 0.0625
2 0.409375 0.821875 0.0265625 0.06953125
4 0.86640625 0.821875 0.01640625 0.0625
8 0.6609375 0.82109375 0.03359375 0.05625
6 0.49140625 0.81953125 0.025 0.06640625
7 0.45625 0.81953125 0.03203125 0.0734375
1 0.5421875 0.82578125 0.02265625 0.0734375
2 0.5765625 0.82265625 0.02890625 0.06796875
3 0.95078125 0.821875 0.025 0.0625