0 0.64453125 0.84453125 0.015625 0.03203125
0 0.9171875 0.8578125 0.015625 0.028125
9 0.67578125 0.83671875 0.025 0.05859375
0 0.80390625 0.853125 0.01796875 0.0265625
0 0.571875 0.8421875 0.01328125 0.028125
1 0.7234375 0.84375 0.02109375 0.0640625
1 0.6 0.8359375 0.01875 0.06015625
2 0.946875 0.84921875 0.0203125 0.05625
2 0.5265625 0.8359375 0.0203125 0.0640625
8 0.86875 0.846875 0.02890625 0.04921875
8 0.49609375 0.83671875 0.025 0.06953125
5 0.75625 0.8421875 0.0265625 0.03984375
2 0.45078125 0.83671875 0.0203125 0.06640625
2 0.8375 0.84609375 0.02265625 0.05859375