0 0.8390625 0.83671875 0.01875 0.03984375
0 0.80625 0.83515625 0.015625 0.0359375
1 0.65 0.82421875 0.0140625 0.0640625
8 0.95 0.83125 0.02890625 0.06953125
1 0.72890625 0.828125 0.01875 0.0640625
1 0.9171875 0.8328125 0.01796875 0.06640625
5 0.75859375 0.8265625 0.025 0.04140625
2 0.4484375 0.81953125 0.02109375 0.06640625
1 0.5734375 0.821875 0.01796875 0.0625
2 0.5265625 0.81953125 0.02109375 0.0625
2 0.871875 0.83125 0.02734375 0.0625
1 0.603125 0.821875 0.015625 0.0625
8 0.49296875 0.81640625 0.02890625 0.06640625
3 0.68125 0.821875 0.025 0.06953125