0 0.8375 0.84921875 0.015625 0.03359375
0 0.80625 0.84921875 0.01796875 0.0375
0 0.6546875 0.84453125 0.0140625 0.0359375
0 0.57890625 0.84375 0.0140625 0.03359375
1 0.73125 0.83984375 0.01640625 0.06796875
3 0.94609375 0.8421875 0.025 0.05859375
4 0.915625 0.84375 0.01640625 0.0640625
5 0.76171875 0.8375 0.0265625 0.04921875
2 0.6859375 0.8375 0.0203125 0.06796875
2 0.459375 0.8328125 0.01875 0.0734375
8 0.609375 0.83359375 0.0265625 0.06015625
3 0.86875 0.8421875 0.0265625 0.06640625
8 0.50234375 0.8328125 0.0234375 0.0734375
2 0.534375 0.83515625 0.01875 0.06953125