0 0.8234375 0.82109375 0.01171875 0.03046875
1 0.62421875 0.81796875 0.015625 0.06953125
0 0.59609375 0.8234375 0.0140625 0.03203125
1 0.8515625 0.8125 0.01328125 0.06640625
6 0.959375 0.80859375 0.01875 0.05859375
3 0.55 0.81484375 0.0234375 0.06796875
1 0.74609375 0.8140625 0.015625 0.06640625
5 0.93046875 0.809375 0.0203125 0.0375
2 0.7015625 0.81484375 0.0203125 0.0640625
2 0.475 0.81953125 0.02109375 0.0734375
5 0.77734375 0.81015625 0.02109375 0.046875
8 0.51953125 0.81640625 0.025 0.0625
2 0.67109375 0.8171875 0.0203125 0.06796875
9 0.8828125 0.8078125 0.01796875 0.0640625