0 0.81171875 0.8484375 0.01171875 0.028125
0 0.65859375 0.84453125 0.01640625 0.03203125
1 0.8421875 0.8421875 0.01328125 0.0625
1 0.61171875 0.83671875 0.01875 0.05859375
1 0.91875 0.8453125 0.015625 0.06015625
1 0.58046875 0.8390625 0.0203125 0.06640625
5 0.76640625 0.83984375 0.02265625 0.04140625
1 0.7359375 0.84140625 0.0140625 0.0640625
7 0.6890625 0.8359375 0.02890625 0.06796875
5 0.94921875 0.84140625 0.0203125 0.04140625
6 0.534375 0.8328125 0.0234375 0.0625
9 0.871875 0.840625 0.01796875 0.05859375
2 0.45859375 0.83125 0.02265625 0.06953125
7 0.503125 0.83125 0.0296875 0.06640625