0 0.5796875 0.63984375 0.0140625 0.0265625
5 0.43125 0.628125 0.02109375 0.03359375
2 0.38828125 0.628125 0.0234375 0.05625
5 0.78828125 0.63984375 0.01875 0.03046875
1 0.653125 0.6359375 0.01796875 0.04921875
0 0.72890625 0.6453125 0.01796875 0.02265625
3 0.86171875 0.64140625 0.0265625 0.0453125
3 0.46171875 0.63125 0.0265625 0.05078125
2 0.60859375 0.6328125 0.02265625 0.046875
1 0.7578125 0.64140625 0.01796875 0.04921875
1 0.50546875 0.63203125 0.01796875 0.0453125
7 0.83046875 0.6390625 0.02734375 0.03984375
1 0.53515625 0.6328125 0.015625 0.05078125
5 0.68359375 0.63671875 0.02109375 0.0359375