0 0.51640625 0.82421875 0.01796875 0.03359375
0 0.87890625 0.8234375 0.02265625 0.03203125
0 0.803125 0.8234375 0.0296875 0.0359375
5 0.64921875 0.8171875 0.0296875 0.0453125
1 0.55234375 0.8171875 0.0234375 0.06015625
5 0.74375 0.8171875 0.03125 0.0453125
2 0.3640625 0.81640625 0.02890625 0.05078125
3 0.934375 0.8125 0.03828125 0.06640625
5 0.41796875 0.82109375 0.03125 0.0453125
1 0.6109375 0.8171875 0.0234375 0.06796875
1 0.70546875 0.81484375 0.02734375 0.06796875
5 0.9765625 0.81328125 0.03359375 0.053125
1 0.840625 0.81484375 0.02890625 0.0640625
4 0.4578125 0.81875 0.02265625 0.0640625