0 0.60234375 0.84140625 0.01171875 0.03046875
0 0.83203125 0.8421875 0.01171875 0.03203125
0 0.67890625 0.84140625 0.01171875 0.03046875
1 0.7546875 0.8390625 0.0140625 0.0625
5 0.78515625 0.83515625 0.0203125 0.04375
1 0.8625 0.8359375 0.01328125 0.06015625
6 0.89140625 0.8328125 0.02109375 0.05859375
2 0.4796875 0.8328125 0.01875 0.06640625
2 0.55625 0.83515625 0.01875 0.0625
3 0.70859375 0.8328125 0.025 0.05859375
3 0.9640625 0.83359375 0.02265625 0.06015625
3 0.93515625 0.8328125 0.02265625 0.0625
8 0.5234375 0.83359375 0.0234375 0.06796875
2 0.63203125 0.83359375 0.01875 0.0640625