0 0.8328125 0.8359375 0.015625 0.03046875
8 0.98046875 0.828125 0.025 0.06015625
1 0.75078125 0.828125 0.0203125 0.06796875
1 0.86484375 0.83203125 0.01796875 0.06015625
5 0.7828125 0.8265625 0.025 0.0453125
2 0.8984375 0.83046875 0.025 0.05625
1 0.59140625 0.82265625 0.0203125 0.06015625
1 0.6703125 0.82578125 0.01640625 0.0625
2 0.54375 0.8234375 0.025 0.0625
1 0.621875 0.82421875 0.01796875 0.06796875
6 0.7015625 0.82265625 0.02265625 0.0640625
2 0.4609375 0.8234375 0.02265625 0.06953125
8 0.50859375 0.81875 0.03203125 0.0640625
7 0.9453125 0.83046875 0.02890625 0.071875