0 0.8109375 0.85546875 0.01640625 0.03984375
0 0.84296875 0.85546875 0.02109375 0.03984375
0 0.58125 0.8515625 0.01796875 0.03203125
0 0.65859375 0.85390625 0.01875 0.03984375
1 0.94921875 0.853125 0.0203125 0.0640625
1 0.76640625 0.8515625 0.0203125 0.06640625
1 0.61328125 0.8453125 0.02109375 0.0640625
1 0.8734375 0.85078125 0.02109375 0.0640625
2 0.459375 0.8421875 0.02890625 0.06640625
9 0.690625 0.84453125 0.0234375 0.06953125
1 0.734375 0.846875 0.02109375 0.0640625
2 0.91875 0.85 0.0234375 0.05859375
3 0.53828125 0.8421875 0.02890625 0.05859375
8 0.503125 0.83984375 0.03203125 0.06015625