0 0.57890625 0.8359375 0.0140625 0.03046875
0 0.83359375 0.84375 0.0109375 0.0265625
0 0.8046875 0.8421875 0.0140625 0.028125
2 0.653125 0.83125 0.02265625 0.06640625
5 0.86484375 0.8359375 0.02265625 0.04140625
1 0.72890625 0.83671875 0.01875 0.06640625
1 0.909375 0.8375 0.01640625 0.06015625
2 0.684375 0.8328125 0.0234375 0.06640625
6 0.9390625 0.83671875 0.02265625 0.0625
5 0.75859375 0.83203125 0.02109375 0.0453125
2 0.4578125 0.82421875 0.01796875 0.071875
8 0.5015625 0.82421875 0.02265625 0.06796875
2 0.5328125 0.82734375 0.0203125 0.06953125
3 0.6078125 0.82890625 0.02734375 0.0625