0 0.8046875 0.85390625 0.01875 0.028125
0 0.57265625 0.8484375 0.01171875 0.028125
1 0.7265625 0.84609375 0.015625 0.06640625
4 0.5265625 0.840625 0.0140625 0.0625
5 0.4953125 0.8375 0.02109375 0.04140625
5 0.75859375 0.84453125 0.025 0.04375
1 0.83515625 0.85 0.01796875 0.0625
2 0.94296875 0.84609375 0.02109375 0.06640625
2 0.45 0.83671875 0.01875 0.05859375
8 0.9109375 0.84140625 0.02734375 0.06015625
2 0.64921875 0.8421875 0.0203125 0.06640625
8 0.68046875 0.8390625 0.025 0.05859375
3 0.86640625 0.84453125 0.0265625 0.0625
3 0.603125 0.84140625 0.02265625 0.06015625