0 0.7984375 0.84609375 0.015625 0.03203125
0 0.8296875 0.8484375 0.0140625 0.028125
0 0.56171875 0.840625 0.01171875 0.028125
5 0.4859375 0.83046875 0.02109375 0.04140625
1 0.71953125 0.83984375 0.015625 0.0640625
0 0.671875 0.84375 0.01328125 0.03046875
2 0.9109375 0.84375 0.02109375 0.0640625
3 0.94375 0.84453125 0.025 0.06640625
5 0.7515625 0.8390625 0.02109375 0.04375
9 0.8625 0.84140625 0.02265625 0.06015625
3 0.51875 0.82890625 0.025 0.05859375
5 0.59375 0.8328125 0.02109375 0.04375
2 0.44140625 0.82890625 0.01640625 0.0546875
2 0.640625 0.83359375 0.01875 0.0640625