0 0.84453125 0.853125 0.0203125 0.03359375
0 0.65859375 0.84375 0.02265625 0.0453125
0 0.8140625 0.8515625 0.01875 0.03203125
0 0.5828125 0.84453125 0.0203125 0.03984375
1 0.7359375 0.83984375 0.02109375 0.071875
2 0.69140625 0.8375 0.02890625 0.071875
2 0.465625 0.83671875 0.0234375 0.06953125
5 0.76875 0.84140625 0.0296875 0.04921875
3 0.87734375 0.84609375 0.03125 0.06640625
3 0.540625 0.83359375 0.02890625 0.0640625
8 0.50703125 0.8328125 0.02890625 0.0625
3 0.95546875 0.84609375 0.0296875 0.0625
2 0.925 0.8484375 0.03125 0.06640625
2 0.61484375 0.83671875 0.02734375 0.07734375