0 0.66171875 0.840625 0.0140625 0.028125
0 0.81875 0.83671875 0.0140625 0.02421875
0 0.58359375 0.840625 0.01328125 0.0359375
5 0.77109375 0.83046875 0.0234375 0.04140625
1 0.73984375 0.83515625 0.01796875 0.0625
3 0.69375 0.83203125 0.025 0.05625
2 0.959375 0.82578125 0.01875 0.0546875
4 0.53828125 0.83359375 0.01640625 0.0640625
9 0.88125 0.8265625 0.02109375 0.05625
5 0.50703125 0.83359375 0.02109375 0.04140625
6 0.6140625 0.83125 0.0234375 0.05859375
2 0.4625 0.83359375 0.02265625 0.06015625
3 0.928125 0.82734375 0.02265625 0.05859375