0 0.92109375 0.8484375 0.015625 0.028125
5 0.8765625 0.83984375 0.0265625 0.04140625
0 0.81328125 0.8453125 0.0140625 0.0265625
0 0.84375 0.84609375 0.015625 0.028125
0 0.65625 0.84140625 0.015625 0.03359375
3 0.95234375 0.8390625 0.02890625 0.0546875
0 0.609375 0.840625 0.0140625 0.028125
5 0.76640625 0.83671875 0.02265625 0.04375
1 0.73359375 0.8390625 0.015625 0.05859375
1 0.57890625 0.83515625 0.015625 0.05859375
5 0.5015625 0.82890625 0.02265625 0.03984375
3 0.53359375 0.82890625 0.025 0.0546875
2 0.68828125 0.8359375 0.02109375 0.0640625
2 0.45625 0.82734375 0.01875 0.0546875