0 0.8109375 0.85390625 0.01328125 0.02421875
0 0.87109375 0.85546875 0.01328125 0.028125
0 0.65703125 0.8484375 0.01171875 0.028125
5 0.6890625 0.84140625 0.0203125 0.04140625
0 0.58203125 0.8453125 0.01171875 0.0265625
1 0.8421875 0.85078125 0.01796875 0.0640625
1 0.734375 0.84609375 0.01640625 0.0546875
3 0.94765625 0.85 0.0234375 0.0625
8 0.91796875 0.84609375 0.0265625 0.05859375
2 0.5375 0.8375 0.01796875 0.06015625
2 0.46171875 0.8359375 0.01875 0.0640625
5 0.76484375 0.84453125 0.0203125 0.03984375
8 0.50546875 0.83671875 0.02265625 0.0625
3 0.6125 0.8375 0.02265625 0.05625