0 0.80625 0.84140625 0.01796875 0.03046875
0 0.91328125 0.84453125 0.01875 0.03984375
0 0.65234375 0.8375 0.0140625 0.03359375
6 0.94453125 0.8328125 0.0296875 0.05859375
1 0.5765625 0.828125 0.01875 0.0640625
1 0.60859375 0.82734375 0.01875 0.06640625
3 0.8359375 0.83359375 0.02734375 0.0640625
1 0.72890625 0.83359375 0.01796875 0.06796875
5 0.76015625 0.8328125 0.025 0.04375
9 0.86875 0.83515625 0.025 0.05859375
1 0.68359375 0.83046875 0.015625 0.06015625
2 0.53203125 0.828125 0.02109375 0.0640625
2 0.45703125 0.82578125 0.02109375 0.06953125
8 0.50078125 0.8234375 0.02734375 0.06953125