0 0.825 0.82421875 0.01171875 0.03046875
0 0.596875 0.83203125 0.01328125 0.03046875
1 0.96171875 0.8125 0.01640625 0.0625
1 0.7484375 0.8234375 0.0203125 0.06640625
5 0.52109375 0.828125 0.02109375 0.0453125
5 0.70390625 0.81953125 0.02109375 0.04375
5 0.77890625 0.8171875 0.02265625 0.04140625
1 0.62734375 0.8234375 0.01640625 0.06640625
4 0.5515625 0.82734375 0.0140625 0.0625
1 0.67265625 0.8234375 0.01640625 0.06953125
1 0.8859375 0.8171875 0.01640625 0.05625
7 0.92890625 0.8109375 0.02734375 0.06796875
2 0.4765625 0.83046875 0.0203125 0.06015625
2 0.85390625 0.81640625 0.0203125 0.0625