0 0.8234375 0.84453125 0.01171875 0.02421875
0 0.8546875 0.84453125 0.01171875 0.02421875
4 0.9609375 0.83515625 0.015625 0.0546875
5 0.6140625 0.8375 0.02109375 0.0375
0 0.58125 0.84453125 0.01171875 0.028125
1 0.93125 0.83671875 0.01640625 0.0546875
5 0.8859375 0.8375 0.02109375 0.03359375
1 0.74453125 0.84140625 0.015625 0.05625
5 0.4984375 0.8375 0.02109375 0.04140625
5 0.7765625 0.83984375 0.0203125 0.0375
2 0.6640625 0.8375 0.0203125 0.05625
2 0.45078125 0.83515625 0.0203125 0.05859375
9 0.6953125 0.8375 0.01875 0.05625
4 0.53203125 0.83671875 0.0140625 0.0625