0 0.58359375 0.8453125 0.01796875 0.04140625
0 0.81875 0.8390625 0.01875 0.0359375
0 0.66171875 0.8421875 0.02109375 0.04375
0 0.74140625 0.8421875 0.01796875 0.0359375
8 0.9609375 0.828125 0.03359375 0.06015625
3 0.88359375 0.83203125 0.02890625 0.06015625
2 0.85078125 0.8328125 0.025 0.06640625
9 0.92578125 0.83125 0.02734375 0.0625
5 0.50625 0.8375 0.02265625 0.04140625
2 0.4609375 0.8375 0.02109375 0.06015625
4 0.5390625 0.8390625 0.0203125 0.06640625
6 0.69296875 0.8328125 0.0265625 0.0625
6 0.61484375 0.83515625 0.0296875 0.0625
2 0.77265625 0.83203125 0.0234375 0.0640625