0 0.8359375 0.82578125 0.01328125 0.02109375
0 0.65390625 0.8265625 0.01171875 0.0265625
1 0.609375 0.82109375 0.01875 0.05625
5 0.75859375 0.81953125 0.0203125 0.03984375
1 0.57734375 0.82265625 0.01875 0.0640625
3 0.6828125 0.81953125 0.025 0.0546875
1 0.72890625 0.82265625 0.01640625 0.06015625
0 0.80546875 0.8265625 0.01328125 0.02265625
5 0.91484375 0.81796875 0.02265625 0.03984375
2 0.94375 0.8171875 0.02109375 0.0640625
2 0.46015625 0.82421875 0.02265625 0.06796875
4 0.86796875 0.821875 0.0140625 0.0546875
7 0.50234375 0.82265625 0.02890625 0.0640625
6 0.53203125 0.81953125 0.02109375 0.0625