1 0.50390625 0.83359375 0.02265625 0.06796875
2 0.421875 0.8359375 0.02734375 0.06796875
8 0.47109375 0.83203125 0.03359375 0.06796875
1 0.55390625 0.83671875 0.0265625 0.0734375
2 0.5875 0.83515625 0.03203125 0.06953125
0 0.84609375 0.84921875 0.025 0.04140625
0 0.81015625 0.8484375 0.025 0.0359375
4 0.671875 0.83984375 0.02265625 0.06015625
2 0.63671875 0.8359375 0.03125 0.071875
6 0.93359375 0.84609375 0.03359375 0.0625
0 0.72421875 0.8453125 0.025 0.04140625
2 0.75859375 0.8375 0.03203125 0.0640625
6 0.971875 0.846875 0.034375 0.06015625
3 0.88359375 0.84609375 0.0359375 0.06640625