0 0.81015625 0.85078125 0.01796875 0.03046875
0 0.57890625 0.85078125 0.0140625 0.03359375
0 0.65546875 0.8515625 0.015625 0.0359375
1 0.95 0.84609375 0.01875 0.06953125
1 0.609375 0.8453125 0.01875 0.06015625
2 0.76484375 0.84375 0.025 0.0640625
5 0.50078125 0.84375 0.02265625 0.0453125
8 0.91875 0.83984375 0.0296875 0.06015625
2 0.84140625 0.84453125 0.02109375 0.06640625
1 0.73125 0.84609375 0.0203125 0.0625
3 0.87265625 0.84453125 0.0265625 0.06953125
6 0.6859375 0.840625 0.0234375 0.06640625
4 0.53203125 0.84453125 0.01640625 0.0625
2 0.45546875 0.84453125 0.0203125 0.06640625