0 0.828125 0.76953125 0.015625 0.03359375
0 0.5984375 0.78671875 0.0140625 0.0375
1 0.7515625 0.77109375 0.015625 0.0625
1 0.96796875 0.75078125 0.01640625 0.05625
1 0.6296875 0.7765625 0.01640625 0.06953125
1 0.89140625 0.75859375 0.01640625 0.06015625
1 0.6765625 0.77421875 0.015625 0.06953125
2 0.471875 0.7875 0.01796875 0.06640625
1 0.70625 0.7734375 0.01640625 0.071875
2 0.859375 0.76015625 0.02109375 0.0640625
7 0.5171875 0.7828125 0.0296875 0.07890625
7 0.5515625 0.78125 0.0265625 0.07578125
6 0.93671875 0.75078125 0.02109375 0.06015625
5 0.78203125 0.76796875 0.02109375 0.04140625