0 0.825 0.85078125 0.0234375 0.0375
0 0.54375 0.84453125 0.02890625 0.03984375
0 0.790625 0.8515625 0.02109375 0.03203125
6 0.8609375 0.84453125 0.03125 0.05859375
2 0.41640625 0.83515625 0.0296875 0.0625
0 0.62890625 0.84921875 0.02265625 0.0375
1 0.6640625 0.8421875 0.02734375 0.06953125
1 0.71171875 0.84375 0.0234375 0.071875
5 0.74375 0.84375 0.02890625 0.04921875
8 0.90859375 0.84453125 0.03359375 0.0546875
3 0.9453125 0.84140625 0.03125 0.06015625
8 0.46328125 0.83515625 0.0359375 0.0625
7 0.58046875 0.83671875 0.034375 0.07734375
2 0.4984375 0.83671875 0.02890625 0.06640625