0 0.8140625 0.86796875 0.015625 0.0265625
0 0.578125 0.85625 0.01328125 0.0375
0 0.84375 0.86953125 0.0140625 0.0265625
1 0.7359375 0.85859375 0.0203125 0.06796875
1 0.65703125 0.85625 0.01640625 0.06796875
3 0.6890625 0.85390625 0.0265625 0.06953125
1 0.609375 0.85078125 0.01875 0.06796875
5 0.7671875 0.85625 0.02265625 0.04921875
6 0.87578125 0.8625 0.025 0.0640625
8 0.9515625 0.86328125 0.025 0.0625
2 0.53125 0.846875 0.0234375 0.071875
3 0.92109375 0.86328125 0.025 0.06640625
8 0.49765625 0.8453125 0.0265625 0.07578125
2 0.45234375 0.84453125 0.01875 0.0734375