0 0.83671875 0.85 0.0140625 0.028125
0 0.64921875 0.84453125 0.01328125 0.0359375
0 0.57109375 0.84140625 0.0140625 0.03359375
0 0.80703125 0.84921875 0.0140625 0.0265625
2 0.45 0.83046875 0.01640625 0.06796875
5 0.8703125 0.84375 0.0265625 0.04140625
1 0.728125 0.8421875 0.01796875 0.06640625
5 0.759375 0.840625 0.0234375 0.04375
9 0.9171875 0.8453125 0.02734375 0.06796875
6 0.60234375 0.8328125 0.0234375 0.06640625
9 0.68203125 0.8359375 0.02109375 0.0640625
3 0.9484375 0.84375 0.02890625 0.071875
8 0.49453125 0.83046875 0.02265625 0.071875
2 0.5265625 0.83203125 0.01875 0.06796875