5 0.98125 0.8265625 0.02265625 0.04140625
0 0.8671875 0.8359375 0.015625 0.0265625
0 0.83515625 0.8359375 0.015625 0.0265625
3 0.946875 0.8265625 0.025 0.053125
9 0.9 0.82734375 0.0234375 0.0546875
5 0.7859375 0.83046875 0.0265625 0.0453125
4 0.7046875 0.83125 0.01875 0.05859375
1 0.753125 0.83046875 0.0203125 0.06796875
1 0.6234375 0.83125 0.02109375 0.05859375
1 0.590625 0.8328125 0.01875 0.06640625
2 0.46328125 0.83359375 0.0265625 0.06796875
2 0.671875 0.83046875 0.025 0.0640625
7 0.50859375 0.83125 0.03203125 0.06953125
6 0.5421875 0.83046875 0.025 0.0640625