0 0.88359375 0.828125 0.01640625 0.03046875
0 0.82109375 0.82734375 0.01640625 0.028125
0 0.6984375 0.82890625 0.015625 0.03203125
1 0.62109375 0.8234375 0.01875 0.06640625
1 0.590625 0.82578125 0.01640625 0.06953125
2 0.54609375 0.8265625 0.02265625 0.06796875
2 0.46953125 0.82734375 0.0203125 0.06640625
1 0.74375 0.8234375 0.0203125 0.06640625
3 0.8515625 0.81796875 0.0265625 0.05859375
8 0.51328125 0.82578125 0.0265625 0.06640625
6 0.96015625 0.8171875 0.025 0.05625
5 0.7734375 0.82109375 0.0265625 0.0453125
2 0.66640625 0.82578125 0.0203125 0.0625
6 0.928125 0.81796875 0.025 0.0546875