0 0.80078125 0.8640625 0.015625 0.0265625
0 0.6453125 0.8609375 0.01875 0.03203125
0 0.83046875 0.86484375 0.015625 0.028125
0 0.5703125 0.86015625 0.02109375 0.03359375
1 0.72265625 0.8578125 0.01875 0.06640625
1 0.9390625 0.86015625 0.01640625 0.06015625
2 0.67734375 0.853125 0.0265625 0.0640625
5 0.9078125 0.85859375 0.02734375 0.04140625
9 0.86328125 0.85859375 0.0265625 0.06015625
5 0.75390625 0.8546875 0.025 0.0453125
2 0.4484375 0.84921875 0.025 0.0640625
3 0.5265625 0.84921875 0.02890625 0.0640625
8 0.4921875 0.846875 0.02734375 0.05625
2 0.6015625 0.85390625 0.0265625 0.06953125