0 0.846875 0.8375 0.01328125 0.0265625
0 0.81640625 0.8375 0.01171875 0.02265625
8 0.87734375 0.83046875 0.0265625 0.053125
5 0.62109375 0.83515625 0.01875 0.03984375
0 0.5921875 0.84375 0.0109375 0.0265625
5 0.77109375 0.83125 0.0203125 0.03984375
1 0.74140625 0.83359375 0.01796875 0.053125
5 0.51875 0.8390625 0.0203125 0.03984375
2 0.475 0.840625 0.01875 0.0546875
4 0.54765625 0.8375 0.0140625 0.05625
1 0.9234375 0.82734375 0.015625 0.05859375
1 0.66640625 0.83515625 0.015625 0.05859375
5 0.69609375 0.83203125 0.0203125 0.04140625
6 0.9515625 0.82421875 0.0203125 0.05625