0 0.84609375 0.85078125 0.0140625 0.0265625
5 0.9546875 0.84609375 0.02109375 0.03984375
0 0.81484375 0.8515625 0.01328125 0.028125
0 0.58203125 0.84609375 0.01171875 0.028125
5 0.76875 0.84375 0.02109375 0.04140625
4 0.69140625 0.8421875 0.015625 0.05859375
2 0.459375 0.83671875 0.01875 0.05859375
1 0.6125 0.83984375 0.015625 0.05625
5 0.50390625 0.8375 0.0203125 0.04140625
1 0.73671875 0.84453125 0.0140625 0.0625
1 0.659375 0.84140625 0.01875 0.0640625
7 0.9234375 0.84609375 0.025 0.05859375
4 0.53515625 0.8390625 0.015625 0.0625
3 0.8765625 0.8453125 0.02265625 0.05625