0 0.6 0.84453125 0.01875 0.028125
0 0.8265625 0.84375 0.015625 0.03046875
2 0.47890625 0.8359375 0.0234375 0.06796875
1 0.7515625 0.83984375 0.01875 0.0640625
1 0.85625 0.8390625 0.01796875 0.0625
1 0.6765625 0.840625 0.0203125 0.0625
1 0.70703125 0.84140625 0.01640625 0.06796875
3 0.63125 0.8375 0.0296875 0.06796875
5 0.88515625 0.83671875 0.025 0.04375
5 0.78125 0.83671875 0.0234375 0.04375
2 0.55625 0.8359375 0.02890625 0.0640625
3 0.92890625 0.83515625 0.0265625 0.06953125
8 0.521875 0.83515625 0.0296875 0.0625
3 0.9578125 0.83671875 0.025 0.06640625