0 0.89140625 0.8375 0.015625 0.03046875
0 0.86171875 0.8375 0.01640625 0.03046875
1 0.98359375 0.82734375 0.01640625 0.0546875
2 0.478125 0.8265625 0.0296875 0.07578125
4 0.64921875 0.8359375 0.025 0.071875
0 0.615625 0.83671875 0.0234375 0.046875
5 0.815625 0.83046875 0.02890625 0.04921875
0 0.70078125 0.840625 0.02265625 0.04375
3 0.9578125 0.8265625 0.025 0.0640625
2 0.56640625 0.83125 0.0296875 0.08125
8 0.528125 0.8265625 0.0390625 0.07578125
1 0.78359375 0.82890625 0.0234375 0.07734375
3 0.91875 0.828125 0.02734375 0.06796875
7 0.73359375 0.83046875 0.034375 0.07578125