0 0.85390625 0.83359375 0.01640625 0.03046875
0 0.821875 0.8359375 0.015625 0.03046875
0 0.6671875 0.840625 0.015625 0.03203125
1 0.5890625 0.83671875 0.02109375 0.06640625
5 0.77578125 0.83203125 0.025 0.0453125
1 0.62109375 0.83515625 0.02109375 0.06640625
2 0.5453125 0.8375 0.0265625 0.0640625
1 0.74453125 0.83359375 0.01796875 0.06796875
1 0.6984375 0.8328125 0.01640625 0.06640625
8 0.5109375 0.8359375 0.03359375 0.071875
2 0.46640625 0.84140625 0.0234375 0.07578125
9 0.884375 0.82578125 0.0234375 0.06640625
8 0.959375 0.81875 0.02890625 0.06015625
5 0.92734375 0.821875 0.0234375 0.04375