0 0.59140625 0.81796875 0.01171875 0.028125
0 0.66640625 0.81875 0.01171875 0.0265625
0 0.81640625 0.821875 0.01171875 0.02421875
5 0.8765625 0.8171875 0.01875 0.0375
8 0.51640625 0.809375 0.0234375 0.06015625
3 0.54765625 0.8078125 0.0234375 0.06015625
1 0.7421875 0.8140625 0.015625 0.0546875
2 0.92109375 0.8171875 0.0203125 0.05625
2 0.471875 0.80859375 0.0203125 0.0625
5 0.9515625 0.81875 0.01875 0.04140625
5 0.77109375 0.8125 0.0203125 0.03984375
5 0.696875 0.81015625 0.0203125 0.03984375
2 0.84609375 0.8140625 0.01875 0.0546875
2 0.62109375 0.809375 0.02109375 0.06015625