0 0.8703125 0.8359375 0.01640625 0.03046875
0 0.80703125 0.8359375 0.01640625 0.03046875
0 0.56484375 0.821875 0.015625 0.028125
0 0.64296875 0.8265625 0.01640625 0.03046875
1 0.8390625 0.83125 0.01875 0.06640625
1 0.725 0.82734375 0.01875 0.06953125
1 0.59609375 0.81796875 0.02109375 0.0625
5 0.75703125 0.8265625 0.0265625 0.0453125
2 0.5171875 0.8125 0.0203125 0.0625
8 0.6765625 0.81875 0.0296875 0.05625
5 0.9515625 0.82734375 0.02265625 0.046875
8 0.91796875 0.8265625 0.02890625 0.05625
2 0.44140625 0.809375 0.0203125 0.0640625
8 0.484375 0.81015625 0.0265625 0.06640625