0 0.8484375 0.8515625 0.01796875 0.03203125
0 0.81640625 0.85078125 0.01640625 0.03046875
0 0.5859375 0.84921875 0.015625 0.0375
1 0.740625 0.8484375 0.01875 0.06640625
5 0.77109375 0.8453125 0.0234375 0.0453125
1 0.66328125 0.8453125 0.01640625 0.0640625
2 0.87890625 0.8453125 0.025 0.06015625
2 0.9234375 0.8421875 0.02890625 0.0625
2 0.4640625 0.84140625 0.01875 0.06796875
2 0.95390625 0.84140625 0.0234375 0.0640625
6 0.61640625 0.840625 0.02265625 0.06640625
3 0.69453125 0.840625 0.025 0.06953125
2 0.54140625 0.840625 0.0203125 0.06640625
8 0.50859375 0.8421875 0.0234375 0.06953125