0 0.6765625 0.84375 0.0140625 0.03359375
0 0.859375 0.83359375 0.01640625 0.03046875
0 0.82890625 0.8359375 0.015625 0.0265625
3 0.96484375 0.82265625 0.025 0.06015625
1 0.70625 0.8359375 0.015625 0.071875
7 0.5234375 0.83984375 0.02734375 0.07578125
1 0.7515625 0.83359375 0.01796875 0.06796875
7 0.5546875 0.83515625 0.0234375 0.07734375
2 0.4796875 0.84140625 0.01875 0.06796875
5 0.7828125 0.82890625 0.025 0.04375
8 0.88984375 0.82578125 0.02734375 0.05078125
3 0.62890625 0.8359375 0.025 0.06015625
7 0.93515625 0.82578125 0.025 0.06640625