0 0.81875 0.828125 0.02109375 0.03359375
1 0.85078125 0.82109375 0.0203125 0.06796875
0 0.65859375 0.828125 0.02109375 0.0375
0 0.5796875 0.82734375 0.02109375 0.03203125
5 0.88203125 0.81875 0.0265625 0.04921875
2 0.45390625 0.82109375 0.02734375 0.07578125
5 0.93125 0.81796875 0.0265625 0.046875
5 0.7703125 0.81875 0.02890625 0.05625
2 0.53515625 0.82109375 0.02734375 0.071875
1 0.6109375 0.81953125 0.0234375 0.06953125
1 0.73828125 0.8234375 0.0234375 0.07734375
8 0.69140625 0.821875 0.03359375 0.06640625
7 0.96171875 0.8171875 0.02890625 0.06796875
8 0.4984375 0.81796875 0.0359375 0.06953125