0 0.590625 0.8546875 0.0140625 0.0375
0 0.85234375 0.86015625 0.0140625 0.03046875
0 0.82265625 0.86015625 0.01640625 0.03046875
9 0.6984375 0.8421875 0.02109375 0.06640625
5 0.77734375 0.846875 0.0265625 0.0453125
3 0.9484375 0.8484375 0.02734375 0.0734375
5 0.5140625 0.84140625 0.0234375 0.04921875
5 0.88515625 0.85 0.02265625 0.046875
1 0.7453125 0.85078125 0.01875 0.06796875
4 0.621875 0.8484375 0.01796875 0.06640625
4 0.5453125 0.84375 0.01640625 0.06796875
9 0.91953125 0.85 0.025 0.0625
2 0.46875 0.84140625 0.0203125 0.0640625
2 0.66875 0.8453125 0.02109375 0.0640625