0 0.646875 0.84140625 0.0203125 0.0375
0 0.7984375 0.84453125 0.02109375 0.0359375
0 0.5734375 0.83984375 0.02265625 0.04140625
0 0.86015625 0.846875 0.0203125 0.0375
2 0.45625 0.82734375 0.0265625 0.06953125
2 0.8296875 0.8390625 0.0265625 0.06953125
1 0.9046875 0.83671875 0.0234375 0.06953125
3 0.6046875 0.8359375 0.03125 0.071875
5 0.753125 0.8359375 0.02734375 0.04921875
1 0.72265625 0.8390625 0.0234375 0.0734375
8 0.67890625 0.8359375 0.03125 0.06015625
7 0.9359375 0.83203125 0.03203125 0.07578125
2 0.53046875 0.83203125 0.02734375 0.06796875
8 0.49765625 0.83046875 0.03125 0.0640625