0 0.6015625 0.83359375 0.01875 0.03359375
0 0.834375 0.8234375 0.0265625 0.03984375
1 0.63125 0.8265625 0.01875 0.07578125
2 0.67734375 0.82421875 0.0265625 0.07578125
3 0.71015625 0.82109375 0.02734375 0.06796875
2 0.75625 0.81875 0.02890625 0.071875
2 0.78828125 0.81875 0.02890625 0.07578125
7 0.97421875 0.809375 0.0296875 0.0828125
3 0.896875 0.81484375 0.02734375 0.06796875
3 0.55390625 0.8265625 0.02734375 0.0640625
1 0.86640625 0.8171875 0.02265625 0.0640625
8 0.52109375 0.82421875 0.02734375 0.0640625
7 0.94140625 0.8109375 0.0296875 0.07890625
2 0.47578125 0.83203125 0.02265625 0.06796875