0 0.83359375 0.8328125 0.01640625 0.03203125
0 0.803125 0.8328125 0.01796875 0.028125
9 0.91015625 0.82734375 0.025 0.0625
5 0.75625 0.82265625 0.02734375 0.0453125
1 0.725 0.82421875 0.02109375 0.071875
8 0.9453125 0.828125 0.0265625 0.06796875
2 0.646875 0.8234375 0.025 0.0734375
1 0.57109375 0.82109375 0.02109375 0.071875
2 0.603125 0.81953125 0.02734375 0.06640625
2 0.45390625 0.821875 0.0234375 0.0734375
7 0.49609375 0.81796875 0.0296875 0.06953125
8 0.67890625 0.81875 0.0296875 0.0640625
6 0.52578125 0.8171875 0.02265625 0.071875