9 0.88125 0.83359375 0.03203125 0.06796875
1 0.61875 0.82890625 0.02890625 0.07734375
0 0.84921875 0.840625 0.0203125 0.04375
0 0.6625 0.8359375 0.0203125 0.0375
2 0.46640625 0.82421875 0.03125 0.06796875
1 0.9578125 0.83515625 0.025 0.0625
0 0.81875 0.83984375 0.0203125 0.04140625
1 0.74140625 0.82890625 0.025 0.0734375
2 0.54375 0.8265625 0.02890625 0.0640625
8 0.51015625 0.8234375 0.034375 0.0625
8 0.69609375 0.82734375 0.03359375 0.05859375
1 0.58671875 0.82578125 0.0265625 0.0734375
7 0.9234375 0.83359375 0.0359375 0.0640625
5 0.7734375 0.82890625 0.0296875 0.0546875