0 0.865625 0.8390625 0.0140625 0.03203125
3 0.9390625 0.82421875 0.0234375 0.06796875
0 0.83359375 0.83671875 0.0140625 0.03203125
1 0.71015625 0.83203125 0.01796875 0.0640625
2 0.678125 0.83125 0.02265625 0.06640625
1 0.75546875 0.82890625 0.01796875 0.0625
3 0.63125 0.83359375 0.0265625 0.071875
5 0.7859375 0.828125 0.0234375 0.04140625
5 0.52109375 0.83671875 0.02109375 0.04375
7 0.9703125 0.821875 0.02890625 0.06953125
2 0.475 0.8390625 0.01875 0.06640625
4 0.553125 0.840625 0.015625 0.06953125
7 0.8953125 0.82734375 0.0265625 0.06953125
0 0.6 0.84375 0.0171875 0.0375