0 0.58984375 0.85078125 0.015625 0.0375
0 0.82265625 0.8453125 0.0140625 0.03046875
2 0.853125 0.8328125 0.0203125 0.06640625
1 0.74296875 0.84140625 0.01640625 0.06796875
1 0.6984375 0.84375 0.01796875 0.06796875
5 0.88359375 0.83671875 0.0234375 0.03984375
7 0.96171875 0.8328125 0.0265625 0.0625
2 0.46953125 0.8453125 0.0203125 0.07578125
5 0.93125 0.83359375 0.02265625 0.04140625
8 0.51328125 0.8453125 0.0234375 0.0828125
5 0.775 0.83984375 0.02109375 0.04140625
2 0.5453125 0.84453125 0.02109375 0.06640625
2 0.62109375 0.8421875 0.0234375 0.06953125
2 0.665625 0.84453125 0.0234375 0.0734375