0 0.6703125 0.82578125 0.01875 0.046875
0 0.59453125 0.82734375 0.0203125 0.03984375
0 0.8234375 0.8265625 0.01796875 0.03046875
2 0.70234375 0.81875 0.02890625 0.06796875
1 0.625 0.8171875 0.0234375 0.06796875
1 0.746875 0.82109375 0.0203125 0.06796875
9 0.88359375 0.81796875 0.025 0.0625
2 0.4734375 0.81875 0.02734375 0.06796875
7 0.5484375 0.81796875 0.0265625 0.07734375
5 0.92890625 0.81875 0.025 0.04140625
7 0.51640625 0.81953125 0.0296875 0.0734375
3 0.853125 0.81875 0.02734375 0.06796875
9 0.9609375 0.81953125 0.0234375 0.0625
5 0.77734375 0.81796875 0.0265625 0.046875