0 0.8421875 0.8640625 0.01328125 0.0265625
0 0.58125 0.859375 0.0140625 0.028125
5 0.76640625 0.85390625 0.02109375 0.03984375
0 0.65859375 0.859375 0.01328125 0.03203125
8 0.8734375 0.8546875 0.025 0.053125
1 0.7359375 0.85625 0.01640625 0.06015625
4 0.91875 0.85546875 0.01796875 0.05859375
6 0.6890625 0.85078125 0.02265625 0.05625
4 0.9484375 0.85546875 0.02265625 0.0546875
2 0.46015625 0.846875 0.0203125 0.06015625
8 0.50390625 0.8484375 0.02265625 0.0625
3 0.5359375 0.8484375 0.0234375 0.0625
6 0.61171875 0.85078125 0.02109375 0.06015625