0 0.66484375 0.8375 0.01328125 0.0375
0 0.5890625 0.840625 0.01328125 0.03984375
0 0.8234375 0.83359375 0.0140625 0.03046875
1 0.85390625 0.82890625 0.01796875 0.05859375
1 0.8859375 0.828125 0.01875 0.05625
1 0.74375 0.82890625 0.01796875 0.0734375
6 0.96171875 0.82421875 0.0234375 0.06015625
2 0.46640625 0.8328125 0.02109375 0.06640625
5 0.775 0.828125 0.0265625 0.0453125
8 0.5109375 0.82890625 0.02890625 0.0625
7 0.696875 0.82890625 0.0296875 0.07734375
2 0.5421875 0.83125 0.02265625 0.06640625
3 0.93125 0.82578125 0.02734375 0.0625
3 0.61953125 0.83125 0.025 0.06640625