0 0.60546875 0.84921875 0.01328125 0.0265625
0 0.8328125 0.84921875 0.01328125 0.0265625
1 0.68125 0.840625 0.01640625 0.0546875
4 0.71171875 0.8421875 0.01640625 0.0546875
9 0.6359375 0.840625 0.01875 0.0546875
1 0.75703125 0.84375 0.0140625 0.05625
9 0.9375 0.83671875 0.02265625 0.0546875
3 0.96796875 0.8375 0.0234375 0.05625
1 0.86328125 0.84140625 0.0140625 0.053125
5 0.7875 0.84140625 0.0203125 0.04140625
2 0.48515625 0.84375 0.0203125 0.06015625
2 0.56015625 0.84140625 0.0203125 0.05625
2 0.89375 0.8390625 0.0203125 0.05078125
8 0.52734375 0.84453125 0.02109375 0.06640625