0 0.59609375 0.846875 0.01796875 0.0375
0 0.64453125 0.8484375 0.015625 0.03203125
1 0.5640625 0.83984375 0.01640625 0.06796875
1 0.86796875 0.8515625 0.01640625 0.0625
4 0.8359375 0.84921875 0.0203125 0.06015625
1 0.72421875 0.84609375 0.01796875 0.06640625
5 0.75625 0.846875 0.025 0.04140625
1 0.946875 0.85 0.01796875 0.0625
1 0.6765625 0.84375 0.01640625 0.06796875
1 0.80546875 0.85 0.02265625 0.0625
2 0.51875 0.8375 0.02265625 0.06796875
8 0.484375 0.83359375 0.02890625 0.071875
2 0.43984375 0.83515625 0.02265625 0.0734375
7 0.9140625 0.84921875 0.02890625 0.06796875