0 0.825 0.8390625 0.01640625 0.03203125
0 0.85546875 0.83515625 0.01796875 0.028125
1 0.7484375 0.83359375 0.01875 0.06796875
1 0.70234375 0.83671875 0.01875 0.06953125
5 0.77890625 0.83046875 0.025 0.0453125
2 0.47265625 0.83984375 0.0234375 0.071875
1 0.59375 0.8375 0.02109375 0.06796875
2 0.6703125 0.8359375 0.02890625 0.071875
2 0.5515625 0.83671875 0.0265625 0.0625
2 0.62578125 0.83671875 0.0296875 0.06953125
8 0.93046875 0.821875 0.0296875 0.0546875
8 0.51640625 0.8328125 0.03203125 0.06640625
8 0.8859375 0.82578125 0.02890625 0.0546875
6 0.9609375 0.82109375 0.0234375 0.06015625