0 0.790625 0.84453125 0.0140625 0.03203125
9 0.9296875 0.8359375 0.01875 0.06015625
0 0.5546875 0.8421875 0.0140625 0.0359375
1 0.81953125 0.8375 0.015625 0.06015625
2 0.43125 0.83125 0.025 0.06640625
5 0.74296875 0.83671875 0.0265625 0.04375
1 0.63203125 0.83359375 0.01640625 0.0640625
1 0.5859375 0.8359375 0.01875 0.0640625
1 0.71015625 0.840625 0.0203125 0.06953125
1 0.8984375 0.83984375 0.01640625 0.0640625
7 0.47578125 0.83046875 0.02734375 0.07578125
8 0.66328125 0.8328125 0.02890625 0.06640625
2 0.8515625 0.8375 0.0203125 0.05625
7 0.50859375 0.83203125 0.0265625 0.071875