0 0.82734375 0.82578125 0.01171875 0.028125
0 0.6265625 0.828125 0.01328125 0.03046875
0 0.85703125 0.82578125 0.01171875 0.028125
1 0.75078125 0.82109375 0.01796875 0.06015625
1 0.9640625 0.81484375 0.0140625 0.05625
5 0.78125 0.81796875 0.0203125 0.03984375
5 0.934375 0.81484375 0.02109375 0.0375
5 0.7046875 0.81875 0.02109375 0.0375
1 0.59609375 0.8234375 0.01875 0.06640625
2 0.6734375 0.81953125 0.0203125 0.06640625
6 0.5484375 0.81875 0.02109375 0.0640625
7 0.5171875 0.82109375 0.0296875 0.06796875
6 0.8875 0.81640625 0.0203125 0.0546875
2 0.47421875 0.82421875 0.02265625 0.071875