0 0.84140625 0.8328125 0.015625 0.028125
0 0.8078125 0.83125 0.015625 0.028125
0 0.56640625 0.8265625 0.0203125 0.04140625
1 0.64609375 0.82265625 0.01875 0.06796875
1 0.72734375 0.82421875 0.01875 0.071875
2 0.68046875 0.82265625 0.025 0.06796875
1 0.596875 0.8171875 0.02265625 0.06796875
5 0.759375 0.821875 0.0234375 0.04375
5 0.921875 0.82578125 0.025 0.03984375
2 0.9546875 0.82578125 0.02109375 0.06640625
7 0.48359375 0.8109375 0.03125 0.090625
7 0.51875 0.8125 0.0296875 0.08515625
2 0.440625 0.81875 0.02890625 0.0828125
7 0.8734375 0.8265625 0.02890625 0.0640625