0 0.82421875 0.84375 0.01796875 0.03046875
4 0.9734375 0.84140625 0.0203125 0.05625
9 0.93984375 0.8390625 0.025 0.0546875
1 0.740625 0.83515625 0.02109375 0.06953125
1 0.5765625 0.8328125 0.02265625 0.06640625
5 0.7734375 0.8359375 0.02734375 0.04140625
1 0.61015625 0.83203125 0.0203125 0.0640625
3 0.69375 0.83203125 0.0296875 0.0640625
4 0.890625 0.8390625 0.01875 0.05859375
1 0.66015625 0.8359375 0.01796875 0.06015625
2 0.5296875 0.83125 0.0265625 0.06640625
2 0.4484375 0.83203125 0.0296875 0.07578125
1 0.8578125 0.8390625 0.0203125 0.0546875
8 0.49453125 0.8265625 0.03203125 0.06796875