0 0.6640625 0.83984375 0.0234375 0.03359375
0 0.58515625 0.8421875 0.0203125 0.0359375
0 0.8203125 0.8375 0.01875 0.03359375
1 0.6953125 0.83359375 0.0234375 0.0640625
1 0.74140625 0.83359375 0.02265625 0.071875
5 0.7734375 0.83046875 0.02890625 0.053125
3 0.54140625 0.83359375 0.03125 0.0640625
4 0.9609375 0.82890625 0.01796875 0.0625
3 0.6171875 0.83203125 0.03203125 0.06796875
2 0.46171875 0.83515625 0.03125 0.0625
8 0.8515625 0.82890625 0.0296875 0.05859375
8 0.50625 0.83125 0.03359375 0.0625
8 0.92890625 0.828125 0.0296875 0.05625
2 0.884375 0.83203125 0.02890625 0.06796875