0 0.85234375 0.83359375 0.0140625 0.0265625
8 0.978125 0.82109375 0.025 0.06015625
8 0.946875 0.82109375 0.02265625 0.0640625
1 0.77421875 0.8265625 0.0203125 0.0640625
5 0.72890625 0.82265625 0.02265625 0.04140625
2 0.575 0.82578125 0.02109375 0.0625
5 0.80625 0.8234375 0.02265625 0.03984375
1 0.6984375 0.8265625 0.015625 0.0640625
1 0.65234375 0.8265625 0.01640625 0.0640625
1 0.621875 0.82734375 0.01796875 0.0625
8 0.540625 0.82578125 0.0265625 0.06640625
2 0.49609375 0.82734375 0.01796875 0.06640625
8 0.91484375 0.82109375 0.02265625 0.06015625
2 0.88359375 0.82421875 0.02265625 0.0640625