0 0.6265625 0.8765625 0.015625 0.028125
0 0.84375 0.8484375 0.0140625 0.02421875
2 0.50625 0.8875 0.02109375 0.06953125
1 0.771875 0.8515625 0.01796875 0.0625
1 0.65625 0.86484375 0.01640625 0.06640625
1 0.94140625 0.83125 0.0140625 0.05859375
3 0.58203125 0.87265625 0.0234375 0.06640625
7 0.96875 0.82578125 0.0234375 0.05859375
9 0.72890625 0.8515625 0.01875 0.05859375
5 0.8015625 0.8453125 0.02109375 0.04140625
9 0.9 0.828125 0.01875 0.06796875
2 0.6984375 0.85859375 0.02109375 0.06015625
8 0.55078125 0.878125 0.025 0.06953125
2 0.871875 0.83359375 0.01796875 0.06015625