0 0.821875 0.853125 0.0203125 0.03359375
0 0.5859375 0.85 0.0203125 0.03984375
0 0.6953125 0.85078125 0.02109375 0.0375
1 0.74375 0.84609375 0.02265625 0.06953125
2 0.95859375 0.84609375 0.02109375 0.0625
2 0.77578125 0.846875 0.02734375 0.071875
3 0.5421875 0.84140625 0.0296875 0.06796875
8 0.50703125 0.8375 0.03359375 0.06796875
4 0.85390625 0.85 0.02265625 0.05859375
8 0.92734375 0.84609375 0.03125 0.0625
4 0.88359375 0.85078125 0.02109375 0.0640625
2 0.46328125 0.83984375 0.0265625 0.06796875
4 0.61875 0.8453125 0.02734375 0.0640625
2 0.6640625 0.8421875 0.0265625 0.06953125