0 0.82734375 0.83359375 0.01171875 0.03046875
1 0.8546875 0.828125 0.0140625 0.06015625
0 0.67109375 0.83359375 0.01171875 0.03046875
0 0.59609375 0.83515625 0.0109375 0.028125
4 0.88515625 0.8265625 0.01328125 0.0640625
3 0.9609375 0.821875 0.025 0.0625
5 0.77890625 0.8265625 0.02265625 0.04140625
4 0.55 0.8265625 0.0140625 0.06015625
1 0.7484375 0.82734375 0.015625 0.0625
4 0.93125 0.82734375 0.015625 0.06640625
5 0.51953125 0.828125 0.0203125 0.04140625
4 0.7015625 0.82578125 0.015625 0.0625
2 0.47578125 0.83046875 0.0203125 0.05625
2 0.62578125 0.82578125 0.0203125 0.0625