0 0.815625 0.8375 0.0140625 0.0265625
0 0.58359375 0.8421875 0.015625 0.03203125
4 0.8765625 0.828125 0.01796875 0.06015625
1 0.73671875 0.83203125 0.01640625 0.06015625
2 0.66015625 0.83046875 0.025 0.0640625
1 0.95390625 0.82734375 0.01796875 0.0625
3 0.540625 0.8328125 0.02890625 0.0625
2 0.4625 0.8359375 0.0296875 0.0640625
5 0.76875 0.82890625 0.0234375 0.03984375
9 0.69140625 0.828125 0.0234375 0.0640625
2 0.9234375 0.82734375 0.02109375 0.0625
8 0.50625 0.8328125 0.03125 0.05859375
3 0.61484375 0.83125 0.0296875 0.0625
2 0.84609375 0.82734375 0.0234375 0.05859375