0 0.8328125 0.88046875 0.0203125 0.0359375
0 0.80078125 0.87890625 0.01796875 0.03046875
0 0.57109375 0.86796875 0.015625 0.04140625
0 0.64609375 0.871875 0.0140625 0.0375
5 0.7546875 0.86953125 0.0265625 0.0453125
1 0.6015625 0.86015625 0.01875 0.06796875
1 0.67734375 0.86484375 0.01640625 0.0734375
1 0.72421875 0.86875 0.01796875 0.0734375
3 0.8640625 0.8734375 0.0296875 0.071875
2 0.4515625 0.85625 0.0234375 0.071875
2 0.9421875 0.87578125 0.025 0.0640625
8 0.91015625 0.871875 0.0296875 0.06796875
7 0.49375 0.85078125 0.03125 0.08671875
7 0.5265625 0.85625 0.0234375 0.0828125