0 0.66328125 0.840625 0.0140625 0.0359375
0 0.846875 0.8359375 0.01328125 0.0265625
0 0.815625 0.8359375 0.0140625 0.03046875
0 0.58671875 0.84140625 0.01171875 0.03046875
5 0.51015625 0.8359375 0.02265625 0.04140625
1 0.61640625 0.83515625 0.01640625 0.05859375
1 0.7390625 0.83125 0.01796875 0.0625
2 0.9515625 0.8234375 0.0203125 0.05859375
4 0.54140625 0.83515625 0.015625 0.0625
2 0.8765625 0.8265625 0.01875 0.0640625
2 0.46640625 0.83515625 0.02265625 0.05859375
6 0.6921875 0.828125 0.025 0.06015625
7 0.76875 0.82578125 0.0265625 0.06640625
9 0.92109375 0.821875 0.0203125 0.0625