0 0.8640625 0.8453125 0.01328125 0.03046875
0 0.671875 0.84453125 0.01328125 0.0359375
0 0.59375 0.84609375 0.01328125 0.03203125
0 0.83203125 0.84453125 0.01171875 0.03203125
1 0.753125 0.8390625 0.01796875 0.06953125
5 0.784375 0.83359375 0.0234375 0.053125
2 0.46640625 0.83671875 0.02109375 0.06953125
5 0.7046875 0.83515625 0.0234375 0.05078125
3 0.89453125 0.83203125 0.025 0.071875
8 0.5140625 0.83515625 0.02734375 0.06953125
3 0.62578125 0.8328125 0.02734375 0.06953125
3 0.546875 0.8328125 0.025 0.06953125
6 0.93828125 0.83125 0.02109375 0.06953125
7 0.96875 0.83125 0.0234375 0.06953125