0 0.584375 0.83984375 0.0140625 0.0375
0 0.8296875 0.84375 0.01875 0.03046875
2 0.45625 0.83046875 0.02265625 0.0640625
1 0.746875 0.83515625 0.01796875 0.06953125
4 0.696875 0.83515625 0.01796875 0.0625
1 0.61640625 0.83203125 0.01640625 0.071875
5 0.78046875 0.8328125 0.025 0.04375
1 0.8609375 0.83984375 0.01796875 0.0640625
2 0.6640625 0.8328125 0.0234375 0.06640625
8 0.9765625 0.8359375 0.02734375 0.0640625
8 0.94140625 0.8328125 0.0296875 0.0625
7 0.5359375 0.83046875 0.0265625 0.071875
7 0.5015625 0.82890625 0.0296875 0.0734375
3 0.89609375 0.83515625 0.02734375 0.0625