0 0.81328125 0.8625 0.01171875 0.03359375
0 0.59140625 0.83203125 0.0109375 0.03046875
1 0.84375 0.86015625 0.0140625 0.0640625
1 0.7390625 0.846875 0.0140625 0.0640625
1 0.6640625 0.8359375 0.0140625 0.06015625
6 0.915625 0.8640625 0.0234375 0.06796875
5 0.76875 0.84921875 0.02109375 0.04140625
2 0.54609375 0.81875 0.01875 0.06796875
2 0.94609375 0.86953125 0.01796875 0.06015625
3 0.8734375 0.859375 0.025 0.05859375
2 0.47421875 0.81015625 0.01796875 0.06953125
8 0.51640625 0.81484375 0.02109375 0.06796875
5 0.62109375 0.828125 0.0203125 0.04140625
3 0.6953125 0.8375 0.0234375 0.06015625