0 0.8390625 0.84609375 0.01328125 0.028125
0 0.6859375 0.84140625 0.01171875 0.03046875
0 0.86953125 0.84609375 0.01328125 0.028125
0 0.80859375 0.8453125 0.01328125 0.0265625
1 0.578125 0.83359375 0.01328125 0.0640625
1 0.7328125 0.8359375 0.015625 0.0640625
1 0.65546875 0.83515625 0.015625 0.0625
4 0.94609375 0.83984375 0.01875 0.06015625
9 0.91484375 0.8390625 0.02265625 0.0546875
5 0.7625 0.8359375 0.0203125 0.04140625
3 0.53359375 0.82890625 0.0234375 0.0625
5 0.503125 0.83046875 0.0203125 0.04140625
2 0.609375 0.8328125 0.02109375 0.0625
2 0.45625 0.828125 0.01796875 0.06015625