0 0.5890625 0.85859375 0.01171875 0.03046875
1 0.85078125 0.84921875 0.015625 0.06796875
0 0.821875 0.85859375 0.01796875 0.03046875
0 0.6671875 0.859375 0.01328125 0.03203125
5 0.95390625 0.8484375 0.0234375 0.046875
4 0.92421875 0.85 0.01796875 0.0625
5 0.77734375 0.853125 0.02109375 0.04140625
1 0.74609375 0.85546875 0.01875 0.0625
8 0.8796875 0.8484375 0.0265625 0.0625
8 0.6984375 0.85078125 0.02890625 0.05625
8 0.62109375 0.84921875 0.02890625 0.0640625
2 0.54296875 0.85 0.02109375 0.06640625
2 0.46484375 0.84921875 0.01796875 0.06796875
8 0.51015625 0.85 0.02265625 0.06953125