0 0.590625 0.85625 0.01640625 0.03359375
0 0.8484375 0.8609375 0.0203125 0.028125
1 0.9625 0.85390625 0.0203125 0.06640625
0 0.81484375 0.8609375 0.01796875 0.02421875
1 0.64140625 0.85 0.01875 0.06640625
5 0.76171875 0.8515625 0.0265625 0.04375
8 0.93359375 0.8515625 0.02734375 0.05859375
2 0.42421875 0.8484375 0.02734375 0.0625
1 0.55625 0.84921875 0.02265625 0.06796875
4 0.88125 0.85546875 0.02265625 0.06640625
1 0.728125 0.853125 0.02265625 0.0640625
7 0.471875 0.8453125 0.03203125 0.0640625
9 0.67578125 0.84609375 0.025 0.06953125
6 0.5046875 0.8453125 0.0265625 0.06796875