0 0.84921875 0.8265625 0.015625 0.02265625
0 0.6640625 0.8265625 0.01640625 0.03359375
0 0.92890625 0.8265625 0.01328125 0.0265625
0 0.584375 0.82578125 0.0140625 0.03984375
5 0.959375 0.81796875 0.02109375 0.03984375
0 0.81953125 0.82734375 0.015625 0.02421875
5 0.509375 0.8171875 0.02109375 0.0453125
4 0.88125 0.821875 0.01640625 0.0546875
1 0.74375 0.82109375 0.01796875 0.06015625
1 0.69609375 0.821875 0.01875 0.05859375
5 0.7734375 0.81796875 0.0203125 0.04375
2 0.4640625 0.81875 0.02109375 0.0640625
4 0.540625 0.81953125 0.01875 0.06640625
6 0.61640625 0.8171875 0.0265625 0.06796875