0 0.67578125 0.8828125 0.015625 0.03046875
0 0.6015625 0.88515625 0.015625 0.03359375
0 0.821875 0.88046875 0.01328125 0.0359375
1 0.63203125 0.8765625 0.01640625 0.06640625
1 0.7484375 0.87578125 0.015625 0.06796875
1 0.88046875 0.87578125 0.015625 0.0640625
5 0.77890625 0.87421875 0.02109375 0.04375
2 0.8515625 0.87265625 0.02109375 0.06640625
2 0.95234375 0.8734375 0.02109375 0.071875
2 0.9234375 0.87421875 0.0234375 0.06640625
8 0.5265625 0.87421875 0.0234375 0.06953125
2 0.4828125 0.8765625 0.0203125 0.0734375
9 0.7046875 0.8734375 0.01875 0.06796875
3 0.55703125 0.87421875 0.0234375 0.06953125