0 0.94765625 0.83984375 0.01171875 0.03359375
0 0.83671875 0.8421875 0.0140625 0.028125
2 0.46875 0.84140625 0.0234375 0.071875
1 0.7546875 0.8359375 0.01640625 0.06796875
1 0.8671875 0.83359375 0.015625 0.06015625
3 0.97890625 0.83125 0.0234375 0.05859375
1 0.5484375 0.8359375 0.01640625 0.0640625
2 0.675 0.8359375 0.02890625 0.06796875
1 0.59609375 0.840625 0.01640625 0.0625
5 0.78671875 0.83515625 0.0234375 0.04375
2 0.70859375 0.83515625 0.025 0.06640625
2 0.63046875 0.8375 0.02734375 0.0640625
7 0.8984375 0.83046875 0.02734375 0.06796875
8 0.5140625 0.83203125 0.03125 0.07890625