0 0.8140625 0.84453125 0.015625 0.028125
0 0.659375 0.84140625 0.01640625 0.03046875
5 0.95234375 0.8390625 0.0234375 0.04375
0 0.61484375 0.8390625 0.0203125 0.03984375
1 0.690625 0.83359375 0.01640625 0.0640625
1 0.7359375 0.83671875 0.01796875 0.0625
5 0.9203125 0.8390625 0.0234375 0.03984375
1 0.584375 0.83515625 0.01875 0.06953125
5 0.7671875 0.83515625 0.025 0.04375
2 0.46640625 0.83359375 0.0234375 0.0640625
7 0.50859375 0.83203125 0.0296875 0.06796875
6 0.5390625 0.83125 0.02265625 0.0625
2 0.84375 0.83671875 0.0234375 0.06640625
3 0.87578125 0.8359375 0.02734375 0.05625