1 0.975 0.8453125 0.0140625 0.05625
0 0.82890625 0.84921875 0.01328125 0.0265625
1 0.746875 0.84453125 0.01796875 0.05859375
1 0.665625 0.83984375 0.0140625 0.0640625
8 0.94140625 0.84375 0.0265625 0.053125
5 0.6984375 0.8390625 0.02265625 0.03984375
1 0.584375 0.8390625 0.01171875 0.06953125
2 0.6171875 0.8375 0.02265625 0.0640625
2 0.45703125 0.83125 0.02109375 0.06640625
5 0.78046875 0.84140625 0.02265625 0.0375
9 0.89296875 0.84375 0.02109375 0.06015625
2 0.53671875 0.83359375 0.02109375 0.0640625
8 0.503125 0.83203125 0.02734375 0.071875
2 0.8625 0.84140625 0.0203125 0.05625