0 0.8609375 0.82421875 0.0234375 0.0375
0 0.59765625 0.821875 0.01875 0.03984375
0 0.83046875 0.8234375 0.02265625 0.03984375
1 0.953125 0.81640625 0.02265625 0.06640625
2 0.4796875 0.809375 0.0234375 0.0640625
3 0.55703125 0.81015625 0.02890625 0.06953125
0 0.67578125 0.82421875 0.02265625 0.0375
5 0.52421875 0.809375 0.02734375 0.04921875
8 0.6328125 0.81328125 0.03203125 0.05625
5 0.7859375 0.81328125 0.03203125 0.053125
3 0.89140625 0.81796875 0.0265625 0.06640625
8 0.709375 0.8140625 0.03359375 0.0625
1 0.75390625 0.81796875 0.025 0.07734375
7 0.92265625 0.81484375 0.03125 0.06015625