0 0.83515625 0.8578125 0.01328125 0.02421875
0 0.803125 0.8546875 0.01328125 0.0265625
2 0.5265625 0.8359375 0.0234375 0.0640625
2 0.44921875 0.8328125 0.0203125 0.06953125
1 0.57109375 0.83671875 0.01796875 0.06640625
1 0.6015625 0.8375 0.015625 0.0640625
1 0.725 0.84609375 0.01875 0.06953125
8 0.49296875 0.83515625 0.0234375 0.06953125
1 0.646875 0.84140625 0.015625 0.0640625
9 0.678125 0.8375 0.0203125 0.0640625
8 0.86640625 0.846875 0.0265625 0.06015625
5 0.75625 0.8453125 0.0234375 0.04140625
5 0.91328125 0.85078125 0.0234375 0.0453125
3 0.9453125 0.85078125 0.0265625 0.071875