0 0.83671875 0.8625 0.01171875 0.03359375
0 0.575 0.85546875 0.0140625 0.03203125
5 0.94375 0.8578125 0.0234375 0.04375
1 0.6515625 0.85 0.0140625 0.0625
0 0.80546875 0.8625 0.01328125 0.03046875
1 0.72890625 0.85625 0.01875 0.0640625
5 0.759375 0.85390625 0.0234375 0.04375
5 0.91328125 0.85859375 0.0234375 0.04140625
2 0.60625 0.8484375 0.02109375 0.06640625
3 0.52890625 0.8453125 0.025 0.0640625
2 0.45390625 0.84453125 0.01875 0.06640625
3 0.6828125 0.8484375 0.025 0.06640625
6 0.86640625 0.8546875 0.0203125 0.05625
8 0.49765625 0.84375 0.0265625 0.06796875