0 0.8265625 0.8421875 0.0140625 0.028125
0 0.85546875 0.84453125 0.015625 0.028125
1 0.75078125 0.8375 0.01796875 0.06796875
4 0.95625 0.8375 0.015625 0.053125
9 0.928125 0.8359375 0.02265625 0.05625
2 0.884375 0.83515625 0.02109375 0.0625
2 0.67421875 0.83359375 0.025 0.071875
5 0.78125 0.83515625 0.02109375 0.046875
1 0.59765625 0.83515625 0.01875 0.06953125
7 0.5203125 0.828125 0.03125 0.0640625
2 0.62890625 0.8328125 0.025 0.06640625
6 0.5515625 0.82890625 0.0234375 0.0625
7 0.70625 0.83359375 0.0265625 0.06796875
2 0.4765625 0.83125 0.02109375 0.06953125