0 0.8640625 0.8234375 0.01640625 0.02421875
0 0.5984375 0.8234375 0.01640625 0.03203125
1 0.67578125 0.81640625 0.01796875 0.0625
4 0.97421875 0.81640625 0.01796875 0.0546875
0 0.83359375 0.82265625 0.01640625 0.0265625
9 0.9421875 0.81484375 0.02265625 0.053125
5 0.52265625 0.81484375 0.0265625 0.04921875
5 0.78359375 0.81640625 0.02265625 0.03984375
1 0.753125 0.81875 0.0203125 0.0640625
4 0.62890625 0.81875 0.0203125 0.06015625
9 0.89609375 0.8140625 0.025 0.05078125
2 0.47890625 0.81796875 0.02109375 0.0546875
3 0.5546875 0.81640625 0.02890625 0.06640625
7 0.70625 0.8171875 0.0296875 0.06796875