0 0.85859375 0.83125 0.02109375 0.0359375
0 0.82578125 0.83125 0.0203125 0.03203125
0 0.59375 0.83359375 0.01796875 0.0375
0 0.67109375 0.83359375 0.01875 0.0375
5 0.51796875 0.828125 0.0265625 0.0453125
1 0.746875 0.82578125 0.02265625 0.0734375
3 0.55 0.82734375 0.02890625 0.06640625
2 0.4734375 0.83203125 0.0203125 0.06015625
6 0.7015625 0.8234375 0.02734375 0.06640625
5 0.96875 0.81953125 0.0234375 0.04375
9 0.88984375 0.82265625 0.02734375 0.06796875
8 0.9359375 0.81875 0.0296875 0.05625
7 0.78125 0.81875 0.03125 0.07890625
8 0.625 0.8265625 0.02890625 0.0640625