1 0.94921875 0.81796875 0.025 0.06640625
0 0.82578125 0.821875 0.025 0.0359375
0 0.61875 0.82109375 0.02734375 0.04140625
0 0.79140625 0.821875 0.0234375 0.0359375
3 0.9125 0.81484375 0.034375 0.071875
0 0.56796875 0.82109375 0.0265625 0.0453125
2 0.48671875 0.8109375 0.03125 0.07578125
2 0.8640625 0.81328125 0.03203125 0.06796875
2 0.40078125 0.81328125 0.03203125 0.0828125
8 0.65625 0.8109375 0.03671875 0.0640625
5 0.73984375 0.81328125 0.03203125 0.053125
1 0.534375 0.8140625 0.02890625 0.07734375
1 0.70390625 0.81640625 0.02734375 0.07734375
8 0.44765625 0.8046875 0.03828125 0.08515625