0 0.809375 0.83125 0.0234375 0.03203125
0 0.84375 0.83203125 0.0234375 0.0375
0 0.8734375 0.8328125 0.0234375 0.03203125
0 0.64609375 0.83125 0.01875 0.0359375
0 0.5640625 0.82890625 0.0234375 0.04375
4 0.921875 0.82578125 0.025 0.05859375
5 0.7609375 0.821875 0.02734375 0.046875
1 0.72734375 0.82265625 0.02109375 0.07578125
2 0.43515625 0.81953125 0.025 0.06953125
7 0.4828125 0.8171875 0.03203125 0.06796875
3 0.95390625 0.821875 0.0296875 0.0625
7 0.6796875 0.821875 0.03359375 0.0734375
9 0.596875 0.82109375 0.02734375 0.06796875
6 0.51640625 0.8171875 0.025 0.071875