0 0.5765625 0.8328125 0.01328125 0.02421875
0 0.834375 0.83515625 0.01171875 0.02421875
0 0.8046875 0.83359375 0.0140625 0.0265625
0 0.65234375 0.83359375 0.01171875 0.0265625
1 0.73046875 0.82734375 0.015625 0.0546875
5 0.76015625 0.82578125 0.0203125 0.0359375
9 0.60625 0.82578125 0.01796875 0.05859375
3 0.94375 0.82421875 0.025 0.0640625
2 0.45625 0.82265625 0.01796875 0.06015625
4 0.86640625 0.82734375 0.01640625 0.05078125
5 0.68359375 0.8265625 0.02109375 0.03359375
3 0.9125 0.8265625 0.02265625 0.06015625
8 0.5 0.82265625 0.02109375 0.06015625
2 0.53046875 0.82578125 0.01796875 0.0625