0 0.80859375 0.83671875 0.0109375 0.02421875
0 0.83984375 0.83671875 0.01328125 0.02421875
0 0.58125 0.83203125 0.01171875 0.03046875
5 0.94609375 0.828125 0.02109375 0.04140625
1 0.65625 0.8265625 0.015625 0.06015625
5 0.50546875 0.8234375 0.02265625 0.04375
2 0.46328125 0.82265625 0.02109375 0.05625
5 0.76328125 0.82734375 0.02109375 0.03984375
1 0.73203125 0.83046875 0.01640625 0.06015625
4 0.5359375 0.82421875 0.01640625 0.06015625
2 0.87109375 0.83046875 0.02109375 0.05625
2 0.6109375 0.82421875 0.0203125 0.0640625
9 0.6859375 0.8234375 0.01796875 0.0625
7 0.91484375 0.83046875 0.025 0.06015625