0 0.8890625 0.828125 0.0140625 0.03046875
0 0.8265625 0.83203125 0.01640625 0.03046875
0 0.6953125 0.83359375 0.01640625 0.03359375
1 0.74375 0.82578125 0.0203125 0.0734375
1 0.58046875 0.83125 0.0203125 0.0734375
1 0.66171875 0.8265625 0.0234375 0.06796875
5 0.7765625 0.8234375 0.02734375 0.04375
1 0.93671875 0.81875 0.01875 0.06015625
1 0.85859375 0.82265625 0.02109375 0.0640625
2 0.61484375 0.8265625 0.0296875 0.0640625
7 0.4984375 0.828125 0.03203125 0.06796875
6 0.96796875 0.81640625 0.0234375 0.0625
2 0.45234375 0.83046875 0.0234375 0.06796875
6 0.53125 0.8265625 0.025 0.06796875