0 0.84140625 0.840625 0.015625 0.03203125
1 0.6359375 0.81875 0.0140625 0.071875
1 0.77421875 0.8265625 0.01796875 0.07578125
4 0.93125 0.8390625 0.015625 0.0625
1 0.70625 0.82265625 0.01328125 0.071875
1 0.8671875 0.83359375 0.015625 0.0640625
2 0.59375 0.81328125 0.02265625 0.071875
5 0.8015625 0.82734375 0.02265625 0.046875
0 0.73359375 0.83203125 0.01171875 0.0375
8 0.95703125 0.8375 0.02109375 0.05625
8 0.5625 0.8109375 0.025 0.07890625
2 0.66484375 0.82109375 0.0203125 0.06796875
2 0.51875 0.809375 0.0203125 0.07578125
3 0.89375 0.83515625 0.02265625 0.0625