0 0.8015625 0.8375 0.0140625 0.0265625
0 0.9140625 0.8375 0.0140625 0.03046875
0 0.8328125 0.83671875 0.01328125 0.02421875
6 0.94453125 0.82734375 0.02265625 0.05859375
0 0.6015625 0.83671875 0.01640625 0.0359375
0 0.64609375 0.83671875 0.015625 0.0359375
1 0.72265625 0.828125 0.01640625 0.0640625
8 0.865625 0.828125 0.0265625 0.053125
5 0.75390625 0.82734375 0.02265625 0.03984375
2 0.67734375 0.82890625 0.01875 0.0625
1 0.5703125 0.83203125 0.01875 0.06796875
7 0.49375 0.82890625 0.0296875 0.0625
2 0.45078125 0.8328125 0.02265625 0.06640625
6 0.5234375 0.83046875 0.02109375 0.06796875