0 0.8390625 0.8328125 0.01796875 0.028125
0 0.80703125 0.83359375 0.01640625 0.03046875
0 0.57109375 0.82734375 0.015625 0.0359375
1 0.72890625 0.828125 0.01875 0.06796875
5 0.76015625 0.8234375 0.025 0.04375
2 0.6484375 0.82265625 0.02109375 0.071875
4 0.9171875 0.82890625 0.01796875 0.0546875
3 0.68203125 0.82265625 0.0265625 0.06015625
6 0.9484375 0.82734375 0.0265625 0.05859375
3 0.87109375 0.828125 0.02734375 0.0640625
2 0.446875 0.81796875 0.01796875 0.06953125
8 0.4921875 0.81875 0.025 0.07578125
2 0.5265625 0.81875 0.02109375 0.071875
8 0.603125 0.81796875 0.02734375 0.0625