0 0.56328125 0.86015625 0.01875 0.04140625
0 0.81015625 0.8625 0.015625 0.03046875
0 0.678125 0.8625 0.01796875 0.03359375
1 0.87578125 0.85859375 0.01796875 0.053125
2 0.43203125 0.8453125 0.02890625 0.05625
9 0.953125 0.853125 0.0203125 0.05625
1 0.72734375 0.85625 0.02109375 0.07578125
7 0.51328125 0.846875 0.02890625 0.07890625
5 0.759375 0.85625 0.0265625 0.0453125
1 0.59453125 0.853125 0.02265625 0.071875
1 0.64375 0.85390625 0.02265625 0.06953125
7 0.478125 0.84453125 0.03203125 0.07734375
3 0.8421875 0.85546875 0.0296875 0.05859375
1 0.921875 0.85625 0.015625 0.06015625