0 0.5859375 0.84609375 0.01875 0.03203125
0 0.853125 0.84453125 0.01796875 0.028125
0 0.82265625 0.84375 0.01875 0.03046875
2 0.96015625 0.83125 0.0203125 0.05859375
1 0.74375 0.8375 0.0203125 0.06796875
2 0.4609375 0.84140625 0.02734375 0.071875
5 0.77421875 0.8359375 0.025 0.04921875
4 0.69609375 0.8390625 0.02109375 0.06640625
4 0.88359375 0.8390625 0.01796875 0.0625
8 0.50703125 0.8390625 0.03125 0.05859375
2 0.66484375 0.8390625 0.02265625 0.06640625
7 0.92890625 0.8328125 0.025 0.0625
9 0.61796875 0.8390625 0.0265625 0.0625
2 0.54140625 0.840625 0.0265625 0.0625