0 0.81953125 0.82890625 0.01796875 0.03203125
1 0.84921875 0.821875 0.01796875 0.06640625
1 0.58203125 0.8234375 0.01875 0.0734375
5 0.77109375 0.82109375 0.02734375 0.0453125
1 0.69296875 0.8234375 0.01875 0.06953125
1 0.7390625 0.82265625 0.01796875 0.06796875
2 0.5375 0.82265625 0.025 0.06796875
1 0.92890625 0.82265625 0.01875 0.0640625
2 0.46015625 0.82265625 0.025 0.07578125
1 0.9609375 0.81953125 0.01875 0.0625
2 0.88203125 0.82109375 0.0234375 0.05625
2 0.66015625 0.8234375 0.02734375 0.0734375
2 0.61484375 0.821875 0.0296875 0.06953125
8 0.50390625 0.81875 0.0296875 0.071875