0 0.84921875 0.85390625 0.01328125 0.03203125
0 0.92109375 0.8484375 0.0140625 0.028125
0 0.81953125 0.85390625 0.01328125 0.028125
1 0.95 0.83984375 0.0140625 0.05625
0 0.59609375 0.8734375 0.0140625 0.03046875
0 0.67109375 0.8671875 0.01171875 0.028125
1 0.74609375 0.859375 0.01640625 0.06640625
5 0.7765625 0.85078125 0.0234375 0.0453125
9 0.87734375 0.84140625 0.01640625 0.06796875
2 0.4765625 0.87109375 0.01875 0.06640625
3 0.7015625 0.859375 0.0234375 0.0625
4 0.6265625 0.86484375 0.01640625 0.06640625
8 0.52109375 0.86484375 0.0234375 0.06640625
3 0.55234375 0.86640625 0.0234375 0.06796875