0 0.6640625 0.8359375 0.01171875 0.03046875
0 0.82109375 0.83515625 0.0140625 0.028125
0 0.5875 0.8359375 0.0109375 0.03359375
0 0.88203125 0.8328125 0.01171875 0.028125
1 0.69453125 0.83046875 0.015625 0.071875
5 0.77265625 0.82734375 0.0234375 0.04375
1 0.74140625 0.82890625 0.015625 0.06640625
1 0.8515625 0.83046875 0.01796875 0.0640625
2 0.9609375 0.82578125 0.02109375 0.0625
2 0.46875 0.83046875 0.01875 0.06796875
2 0.54375 0.83046875 0.01796875 0.06796875
3 0.6171875 0.82734375 0.02265625 0.06640625
8 0.5109375 0.82890625 0.02265625 0.06953125
7 0.928125 0.82421875 0.02734375 0.0640625