0 0.8140625 0.85390625 0.01640625 0.03203125
0 0.57890625 0.8484375 0.01640625 0.0359375
0 0.65703125 0.84921875 0.0140625 0.03359375
1 0.84375 0.84453125 0.01875 0.06640625
1 0.6875 0.8421875 0.015625 0.06640625
4 0.60859375 0.8421875 0.01796875 0.06640625
1 0.734375 0.846875 0.01640625 0.06796875
8 0.9515625 0.84453125 0.0265625 0.06640625
5 0.765625 0.84453125 0.0234375 0.04375
2 0.45546875 0.8359375 0.0203125 0.071875
3 0.5328125 0.8375 0.025 0.071875
8 0.50078125 0.83359375 0.025 0.071875
8 0.8734375 0.84375 0.02734375 0.06015625
9 0.91875 0.8453125 0.02109375 0.06015625