0 0.84609375 0.84609375 0.01328125 0.02421875
0 0.81640625 0.84609375 0.01328125 0.02421875
0 0.5890625 0.83984375 0.01171875 0.0265625
4 0.8765625 0.8421875 0.01640625 0.05859375
5 0.77109375 0.83671875 0.02109375 0.03984375
4 0.921875 0.84140625 0.01796875 0.053125
1 0.7421875 0.8390625 0.01796875 0.0546875
2 0.47109375 0.83125 0.01796875 0.0625
3 0.95078125 0.8390625 0.025 0.05859375
5 0.6203125 0.8328125 0.02109375 0.03984375
8 0.51328125 0.83359375 0.02109375 0.0640625
1 0.66640625 0.83671875 0.015625 0.05859375
5 0.69609375 0.83515625 0.0203125 0.03984375
2 0.54453125 0.8328125 0.0203125 0.05859375