0 0.8234375 0.82578125 0.02265625 0.03984375
0 0.5890625 0.82578125 0.0203125 0.0359375
2 0.4671875 0.821875 0.02265625 0.0734375
6 0.69765625 0.81640625 0.0265625 0.0625
6 0.965625 0.81484375 0.02890625 0.06015625
1 0.85390625 0.81875 0.02265625 0.071875
8 0.5125 0.81796875 0.02734375 0.0734375
2 0.93359375 0.81796875 0.02890625 0.06640625
1 0.74453125 0.81953125 0.02265625 0.0734375
2 0.54453125 0.81875 0.02265625 0.06796875
2 0.778125 0.82109375 0.0296875 0.07578125
8 0.62109375 0.81640625 0.02890625 0.0625
2 0.66640625 0.81875 0.0265625 0.06796875
7 0.8859375 0.81796875 0.034375 0.07734375