0 0.821875 0.8171875 0.015625 0.03046875
0 0.665625 0.821875 0.0140625 0.0359375
0 0.61875 0.821875 0.0140625 0.03203125
1 0.8515625 0.8078125 0.015625 0.06796875
4 0.92890625 0.80625 0.01875 0.06640625
8 0.9625 0.80546875 0.03203125 0.05625
5 0.7734375 0.809375 0.02265625 0.0453125
1 0.5890625 0.8140625 0.01640625 0.0625
8 0.88359375 0.80546875 0.02890625 0.0640625
1 0.7421875 0.8125 0.01796875 0.0625
2 0.46640625 0.8171875 0.01875 0.06796875
9 0.69609375 0.81015625 0.02109375 0.06953125
8 0.5109375 0.8140625 0.0265625 0.0625
2 0.54296875 0.81484375 0.01875 0.06015625