0 0.84140625 0.84140625 0.01171875 0.0265625
0 0.57265625 0.8375 0.01171875 0.03046875
1 0.6515625 0.83125 0.01171875 0.06953125
0 0.81015625 0.8421875 0.01328125 0.02421875
4 0.9515625 0.83515625 0.0140625 0.05859375
5 0.76328125 0.83515625 0.02109375 0.03984375
1 0.73046875 0.83359375 0.01328125 0.0640625
4 0.60390625 0.8328125 0.015625 0.06640625
8 0.8734375 0.8328125 0.025 0.0546875
4 0.6828125 0.83125 0.01328125 0.05859375
6 0.91796875 0.8328125 0.02109375 0.05859375
2 0.5265625 0.83046875 0.01875 0.06796875
8 0.49296875 0.828125 0.0234375 0.071875
2 0.45 0.82890625 0.01875 0.06640625