0 0.85625 0.84140625 0.015625 0.03046875
0 0.59609375 0.8390625 0.01328125 0.03203125
0 0.8265625 0.840625 0.0140625 0.028125
1 0.7515625 0.83671875 0.0203125 0.05859375
1 0.6734375 0.83359375 0.015625 0.05625
2 0.8890625 0.8328125 0.025 0.05859375
5 0.9625 0.83515625 0.02265625 0.04375
1 0.93125 0.83671875 0.01796875 0.05859375
3 0.70625 0.83125 0.0265625 0.0625
3 0.628125 0.83203125 0.025 0.06015625
2 0.47421875 0.83125 0.0203125 0.06953125
5 0.78125 0.83203125 0.02265625 0.04140625
2 0.55078125 0.83203125 0.0203125 0.06796875
8 0.51796875 0.82890625 0.0234375 0.06953125