0 0.678125 0.82890625 0.015625 0.0359375
0 0.63125 0.83046875 0.01640625 0.03359375
0 0.83359375 0.82734375 0.01796875 0.028125
1 0.60078125 0.8234375 0.01796875 0.0625
1 0.75546875 0.82265625 0.0203125 0.06796875
2 0.9390625 0.8171875 0.0234375 0.06796875
2 0.86484375 0.81953125 0.02265625 0.06640625
5 0.78671875 0.81953125 0.0234375 0.04375
2 0.55390625 0.8234375 0.02109375 0.0625
6 0.70859375 0.81875 0.0265625 0.06796875
8 0.52109375 0.821875 0.0265625 0.06640625
2 0.4765625 0.8234375 0.0203125 0.06640625
3 0.89609375 0.81796875 0.02734375 0.0625
7 0.96796875 0.81484375 0.0265625 0.06796875