0 0.68359375 0.79140625 0.01171875 0.028125
0 0.609375 0.79609375 0.01640625 0.03046875
5 0.965625 0.77265625 0.0234375 0.0359375
0 0.83203125 0.78515625 0.01875 0.02265625
0 0.89140625 0.7828125 0.0140625 0.02265625
1 0.86171875 0.77734375 0.01640625 0.053125
1 0.63828125 0.7890625 0.01640625 0.06015625
2 0.49140625 0.79609375 0.025 0.06015625
8 0.53359375 0.79375 0.0296875 0.05859375
3 0.5640625 0.7921875 0.025 0.0640625
5 0.78671875 0.78046875 0.02109375 0.0359375
6 0.71171875 0.78125 0.0265625 0.053125
7 0.934375 0.77265625 0.0265625 0.05859375
1 0.7578125 0.78515625 0.0203125 0.06015625