0 0.9265625 0.8234375 0.01328125 0.02421875
0 0.8484375 0.8265625 0.01328125 0.0265625
0 0.584375 0.83125 0.01171875 0.028125
0 0.81640625 0.8265625 0.01328125 0.0265625
1 0.95859375 0.81484375 0.01640625 0.05625
5 0.87890625 0.8171875 0.0203125 0.0375
2 0.46328125 0.82890625 0.01875 0.0625
5 0.76953125 0.81875 0.0203125 0.04140625
1 0.73828125 0.82265625 0.0140625 0.06015625
9 0.61484375 0.821875 0.01796875 0.05859375
2 0.6609375 0.821875 0.01875 0.05859375
5 0.69296875 0.82109375 0.01875 0.0375
8 0.5078125 0.82578125 0.02265625 0.06640625
2 0.5390625 0.8265625 0.01875 0.06015625