0 0.82734375 0.83046875 0.0140625 0.03046875
0 0.70390625 0.83515625 0.01875 0.03203125
0 0.59609375 0.840625 0.01640625 0.03203125
1 0.85625 0.82421875 0.01640625 0.06015625
1 0.7484375 0.82734375 0.01640625 0.06953125
3 0.55078125 0.8328125 0.02734375 0.0625
5 0.7796875 0.8234375 0.0234375 0.04375
2 0.47265625 0.8359375 0.02890625 0.06796875
3 0.6265625 0.83046875 0.02890625 0.0640625
2 0.671875 0.82890625 0.025 0.06640625
8 0.51640625 0.8328125 0.02890625 0.0625
6 0.9640625 0.8171875 0.0203125 0.05625
2 0.8890625 0.82265625 0.02265625 0.0640625
8 0.93359375 0.8171875 0.02734375 0.05625