0 0.5890625 0.82578125 0.01796875 0.0359375
0 0.81875 0.83125 0.01640625 0.028125
0 0.6953125 0.82734375 0.01875 0.04375
8 0.5125 0.8125 0.0296875 0.06953125
2 0.5453125 0.81484375 0.0234375 0.06015625
9 0.87890625 0.8234375 0.025 0.06953125
2 0.4703125 0.81484375 0.0234375 0.071875
8 0.9578125 0.82578125 0.0296875 0.05859375
5 0.9234375 0.82578125 0.0265625 0.03984375
1 0.74140625 0.81953125 0.0203125 0.06953125
1 0.61875 0.8171875 0.0203125 0.06796875
3 0.8484375 0.82265625 0.025 0.06796875
2 0.66484375 0.81875 0.02734375 0.071875
5 0.771875 0.81953125 0.02734375 0.05078125