0 0.8515625 0.82421875 0.0140625 0.0265625
0 0.9265625 0.82421875 0.0140625 0.0265625
0 0.8203125 0.82265625 0.0140625 0.0265625
9 0.88046875 0.81328125 0.0203125 0.06015625
1 0.62890625 0.82578125 0.0140625 0.0625
1 0.74609375 0.8234375 0.01796875 0.05859375
5 0.775 0.81796875 0.01875 0.03984375
3 0.70234375 0.82265625 0.0234375 0.06015625
3 0.5546875 0.8265625 0.02109375 0.06015625
2 0.4828125 0.8328125 0.01796875 0.06640625
8 0.52578125 0.82734375 0.02265625 0.06640625
2 0.67109375 0.82578125 0.01875 0.06640625
7 0.95625 0.8140625 0.02109375 0.06640625