0 0.81875 0.81796875 0.0140625 0.028125
0 0.65703125 0.81875 0.01875 0.0375
0 0.578125 0.82109375 0.015625 0.03359375
1 0.7359375 0.81328125 0.0203125 0.06796875
7 0.9625 0.80859375 0.025 0.06953125
2 0.4515625 0.81484375 0.0203125 0.071875
6 0.6890625 0.809375 0.02734375 0.0640625
5 0.76953125 0.809375 0.025 0.0453125
3 0.53125 0.81328125 0.02734375 0.0640625
3 0.609375 0.81015625 0.03125 0.06953125
6 0.9296875 0.80625 0.0234375 0.0625
8 0.4984375 0.8109375 0.02734375 0.0640625
2 0.85078125 0.81015625 0.02265625 0.06640625
7 0.8828125 0.8109375 0.02734375 0.06796875