0 0.81640625 0.8328125 0.01171875 0.028125
1 0.84609375 0.828125 0.0140625 0.05625
4 0.8765625 0.8265625 0.01328125 0.05625
1 0.740625 0.82578125 0.01640625 0.05859375
1 0.58984375 0.821875 0.015625 0.05859375
8 0.95234375 0.828125 0.0234375 0.05625
5 0.77109375 0.82265625 0.0203125 0.04140625
1 0.6203125 0.82265625 0.01640625 0.05625
9 0.6953125 0.81953125 0.01875 0.05859375
5 0.5140625 0.81875 0.0203125 0.04140625
2 0.665625 0.821875 0.01875 0.05859375
2 0.46875 0.81875 0.01875 0.06015625
7 0.92109375 0.828125 0.025 0.06796875
3 0.54453125 0.81953125 0.02265625 0.05859375