1 0.60078125 0.846875 0.015625 0.0640625
0 0.82890625 0.8484375 0.01796875 0.0359375
1 0.6765625 0.84453125 0.0140625 0.06640625
1 0.63125 0.84453125 0.01640625 0.06640625
5 0.521875 0.8484375 0.02265625 0.04375
1 0.859375 0.8390625 0.01875 0.0625
1 0.75390625 0.8421875 0.01640625 0.06953125
5 0.9609375 0.83125 0.0234375 0.046875
2 0.9328125 0.83203125 0.025 0.06796875
5 0.78359375 0.8390625 0.02265625 0.05078125
2 0.70859375 0.84375 0.02109375 0.0640625
3 0.55390625 0.84609375 0.025 0.05859375
2 0.4765625 0.84921875 0.01875 0.0640625
3 0.890625 0.83359375 0.02890625 0.05625