0 0.5640625 0.81875 0.01875 0.03359375
0 0.8015625 0.82890625 0.015625 0.028125
0 0.83203125 0.83046875 0.01640625 0.03046875
1 0.67421875 0.81875 0.01796875 0.06796875
4 0.94375 0.8265625 0.01875 0.06796875
1 0.865625 0.82421875 0.01875 0.0640625
1 0.72265625 0.81875 0.01875 0.06796875
9 0.9125 0.82265625 0.02265625 0.06796875
2 0.44140625 0.80859375 0.0234375 0.06953125
3 0.59609375 0.81328125 0.03125 0.071875
2 0.51875 0.809375 0.02734375 0.07578125
2 0.64375 0.81328125 0.02734375 0.06796875
5 0.75390625 0.81640625 0.02265625 0.04375
8 0.4859375 0.8078125 0.0296875 0.071875