0 0.8140625 0.8640625 0.01640625 0.03359375
1 0.73828125 0.85625 0.01875 0.0640625
1 0.84609375 0.8578125 0.015625 0.05859375
0 0.61640625 0.86015625 0.01796875 0.0375
1 0.8765625 0.8578125 0.0140625 0.05859375
4 0.91953125 0.8578125 0.015625 0.06640625
2 0.6609375 0.8515625 0.0203125 0.06640625
3 0.69375 0.85390625 0.0265625 0.05859375
6 0.76796875 0.85859375 0.0234375 0.06796875
1 0.58515625 0.853125 0.0203125 0.06796875
2 0.4640625 0.8515625 0.025 0.06640625
7 0.5078125 0.8484375 0.0296875 0.06953125
6 0.5390625 0.84921875 0.02265625 0.06796875