0 0.88203125 0.85390625 0.01640625 0.02421875
0 0.85234375 0.8546875 0.01640625 0.0265625
0 0.628125 0.8578125 0.01328125 0.0359375
4 0.97265625 0.84140625 0.01640625 0.05625
4 0.9125 0.84375 0.01796875 0.06015625
8 0.94375 0.83984375 0.025 0.053125
1 0.778125 0.8453125 0.015625 0.0640625
5 0.809375 0.8453125 0.0234375 0.04140625
2 0.50625 0.84921875 0.01875 0.06015625
5 0.5515625 0.8484375 0.02109375 0.05078125
4 0.58125 0.8484375 0.015625 0.06953125
2 0.703125 0.84921875 0.02265625 0.06796875
6 0.65703125 0.8453125 0.0234375 0.0640625
7 0.73359375 0.84453125 0.0265625 0.06640625