0 0.82421875 0.84375 0.01328125 0.0265625
0 0.85625 0.8453125 0.01328125 0.0265625
0 0.6609375 0.840625 0.01328125 0.028125
0 0.57890625 0.8390625 0.01328125 0.028125
1 0.97265625 0.840625 0.01640625 0.0546875
5 0.88984375 0.8375 0.02265625 0.0375
5 0.6109375 0.83125 0.02265625 0.04375
9 0.69375 0.83125 0.02109375 0.05859375
5 0.50078125 0.82734375 0.025 0.04375
5 0.77421875 0.83671875 0.02265625 0.03984375
3 0.53359375 0.82734375 0.02734375 0.0546875
1 0.74140625 0.83671875 0.01875 0.05859375
3 0.9390625 0.8375 0.0265625 0.05625
2 0.45390625 0.82734375 0.0203125 0.0546875