0 0.55859375 0.809375 0.01328125 0.03046875
0 0.64296875 0.80859375 0.01171875 0.028125
0 0.809375 0.8078125 0.01171875 0.0265625
5 0.67578125 0.8 0.02265625 0.04140625
1 0.7265625 0.803125 0.01640625 0.0625
4 0.59140625 0.8015625 0.01640625 0.06015625
5 0.76015625 0.79921875 0.0203125 0.04375
2 0.43046875 0.80390625 0.0203125 0.07578125
3 0.51015625 0.80078125 0.025 0.06640625
6 0.8765625 0.79921875 0.025 0.0625
8 0.4765625 0.8015625 0.0234375 0.07578125
6 0.92578125 0.79921875 0.02265625 0.06640625
8 0.9609375 0.7984375 0.0234375 0.06015625
2 0.84296875 0.8 0.01875 0.06015625