0 0.6375 0.7875 0.01796875 0.028125
0 0.7859375 0.79375 0.01875 0.03203125
0 0.815625 0.7953125 0.01875 0.03203125
0 0.56640625 0.7859375 0.01796875 0.0359375
1 0.92265625 0.79140625 0.01640625 0.05078125
5 0.7421875 0.78515625 0.025 0.0375
6 0.84609375 0.7875 0.025 0.0625
1 0.7125 0.7859375 0.0203125 0.06640625
8 0.66875 0.78125 0.0296875 0.04921875
2 0.45234375 0.77890625 0.02109375 0.06015625
9 0.89296875 0.79140625 0.02109375 0.0625
8 0.49296875 0.77578125 0.0265625 0.06015625
3 0.5234375 0.77734375 0.0265625 0.06015625
2 0.5953125 0.78125 0.01875 0.06796875