0 0.5859375 0.8609375 0.01328125 0.03203125
7 0.5078125 0.85078125 0.02734375 0.071875
0 0.665625 0.86328125 0.01171875 0.028125
7 0.54140625 0.8515625 0.025 0.0734375
0 0.85234375 0.86328125 0.01171875 0.02421875
5 0.69765625 0.85078125 0.0234375 0.04140625
5 0.8859375 0.853125 0.0234375 0.0375
1 0.61796875 0.85390625 0.01640625 0.06953125
6 0.9171875 0.85078125 0.02265625 0.05625
5 0.7765625 0.85078125 0.0234375 0.04140625
3 0.946875 0.85 0.025 0.0625
0 0.82109375 0.8625 0.0140625 0.0265625
1 0.74375 0.8546875 0.01875 0.06015625
2 0.46171875 0.846875 0.01640625 0.0640625