0 0.6765625 0.86484375 0.0140625 0.03203125
0 0.5984375 0.8640625 0.01640625 0.0375
0 0.85625 0.8640625 0.01328125 0.0265625
0 0.82734375 0.8625 0.0140625 0.03046875
2 0.47421875 0.8578125 0.0203125 0.0734375
1 0.70859375 0.85859375 0.01640625 0.0640625
1 0.75390625 0.859375 0.01875 0.06640625
2 0.553125 0.859375 0.02265625 0.0734375
6 0.88515625 0.853125 0.02265625 0.06015625
5 0.7828125 0.8578125 0.02265625 0.04375
8 0.5203125 0.85859375 0.0265625 0.07578125
5 0.92890625 0.85078125 0.02109375 0.0375
2 0.63046875 0.8578125 0.025 0.06640625
7 0.95546875 0.8484375 0.02265625 0.0625