0 0.8265625 0.82265625 0.01875 0.04140625
0 0.8578125 0.821875 0.01796875 0.03203125
0 0.671875 0.81875 0.01796875 0.0375
2 0.7046875 0.8125 0.0265625 0.06953125
0 0.59609375 0.82265625 0.01875 0.0375
1 0.74921875 0.8140625 0.0203125 0.06953125
1 0.890625 0.81640625 0.01640625 0.05859375
1 0.9640625 0.81484375 0.015625 0.0640625
2 0.4734375 0.8140625 0.0203125 0.06953125
5 0.78125 0.81484375 0.0265625 0.0453125
3 0.55078125 0.81328125 0.02734375 0.06796875
1 0.934375 0.81640625 0.01640625 0.0625
8 0.51796875 0.8125 0.0265625 0.0625
2 0.62734375 0.8140625 0.0234375 0.07734375