1 0.86953125 0.8109375 0.01796875 0.071875
0 0.81015625 0.82265625 0.015625 0.0375
1 0.94609375 0.81015625 0.01875 0.0734375
0 0.57890625 0.83359375 0.0140625 0.04140625
0 0.6546875 0.83046875 0.0140625 0.0375
5 0.8390625 0.81328125 0.02109375 0.04921875
2 0.4609375 0.82734375 0.0234375 0.07734375
7 0.9140625 0.8078125 0.03203125 0.07890625
5 0.7640625 0.8171875 0.02265625 0.04921875
1 0.609375 0.821875 0.01875 0.06953125
1 0.6859375 0.81953125 0.01796875 0.06953125
1 0.73359375 0.821875 0.01875 0.06953125
7 0.53671875 0.8234375 0.0265625 0.08515625
7 0.50390625 0.821875 0.0296875 0.08515625