0 0.7015625 0.82265625 0.01328125 0.03046875
0 0.8234375 0.821875 0.01328125 0.028125
0 0.59609375 0.82421875 0.01171875 0.03046875
1 0.74609375 0.81796875 0.01640625 0.06640625
2 0.96171875 0.8140625 0.02109375 0.0625
1 0.67109375 0.81875 0.015625 0.06015625
2 0.884375 0.81640625 0.0234375 0.0625
5 0.7765625 0.8140625 0.02109375 0.04375
2 0.4765625 0.81953125 0.01640625 0.06640625
7 0.92890625 0.81640625 0.025 0.06640625
2 0.85390625 0.81640625 0.02109375 0.0625
2 0.5515625 0.81875 0.01875 0.0640625
3 0.62578125 0.8171875 0.025 0.05625
8 0.5203125 0.81796875 0.0234375 0.06640625