0 0.6234375 0.84140625 0.0140625 0.03046875
0 0.66953125 0.83984375 0.01328125 0.03046875
0 0.81875 0.8359375 0.0140625 0.03046875
3 0.953125 0.82578125 0.02265625 0.0625
5 0.77421875 0.82890625 0.02265625 0.04375
1 0.74375 0.83125 0.01640625 0.0625
1 0.59453125 0.8375 0.015625 0.06015625
3 0.87890625 0.82578125 0.025 0.05859375
9 0.69921875 0.83046875 0.0203125 0.0640625
3 0.54921875 0.83515625 0.02265625 0.05859375
5 0.51875 0.8359375 0.02109375 0.0375
2 0.475 0.8375 0.01875 0.06015625
7 0.9234375 0.82734375 0.0265625 0.06953125