0 0.62421875 0.86953125 0.015625 0.03359375
0 0.5484375 0.87109375 0.01640625 0.0359375
1 0.7890625 0.859375 0.01796875 0.06953125
1 0.57890625 0.8625 0.01875 0.071875
1 0.65625 0.86328125 0.015625 0.06953125
1 0.7046875 0.8625 0.01875 0.06796875
5 0.7390625 0.8625 0.025 0.0453125
1 0.85703125 0.86015625 0.01875 0.0640625
1 0.94296875 0.8578125 0.01875 0.06640625
2 0.8234375 0.859375 0.02734375 0.0625
3 0.90859375 0.85546875 0.02890625 0.06640625
2 0.428125 0.8640625 0.01796875 0.071875
3 0.503125 0.8625 0.025 0.071875
8 0.471875 0.8609375 0.025 0.0734375