6 0.92109375 0.85078125 0.02734375 0.06015625
0 0.846875 0.86328125 0.01796875 0.04375
0 0.5859375 0.85546875 0.01640625 0.04375
0 0.81796875 0.8625 0.01875 0.04140625
3 0.95234375 0.85078125 0.02890625 0.06015625
1 0.6640625 0.8515625 0.0234375 0.0734375
5 0.50859375 0.84609375 0.02890625 0.0546875
4 0.53984375 0.84921875 0.0203125 0.071875
3 0.69765625 0.85078125 0.03125 0.06796875
1 0.7421875 0.8546875 0.025 0.0640625
3 0.7734375 0.853125 0.02890625 0.06796875
6 0.87890625 0.8515625 0.02890625 0.06640625
6 0.6171875 0.84609375 0.0296875 0.06640625
2 0.4640625 0.8453125 0.02109375 0.06796875