0 0.5859375 0.85546875 0.0140625 0.0359375
0 0.84765625 0.8484375 0.0140625 0.028125
0 0.81640625 0.846875 0.01171875 0.0265625
3 0.54140625 0.84453125 0.025 0.0625
2 0.4671875 0.8484375 0.02265625 0.06640625
5 0.76875 0.840625 0.0234375 0.04375
6 0.87734375 0.8359375 0.0234375 0.06015625
8 0.509375 0.8453125 0.0265625 0.0640625
1 0.73828125 0.84140625 0.0140625 0.071875
3 0.61640625 0.846875 0.02890625 0.071875
2 0.6609375 0.84375 0.02265625 0.07578125
8 0.9234375 0.83515625 0.02734375 0.0546875
6 0.95234375 0.8359375 0.02109375 0.05625
7 0.6921875 0.84140625 0.025 0.071875