1 0.85 0.81875 0.0140625 0.06015625
0 0.6640625 0.8265625 0.015625 0.03359375
0 0.8203125 0.82734375 0.0140625 0.028125
5 0.77265625 0.81953125 0.0234375 0.04375
1 0.74140625 0.82109375 0.015625 0.06796875
9 0.88125 0.81640625 0.0203125 0.0625
4 0.959375 0.8171875 0.01875 0.05625
1 0.5875 0.82421875 0.01796875 0.06796875
1 0.61875 0.82109375 0.01875 0.06015625
7 0.69609375 0.81796875 0.0296875 0.0734375
7 0.509375 0.82109375 0.02890625 0.0640625
2 0.46640625 0.82578125 0.02265625 0.06640625
7 0.928125 0.8171875 0.02734375 0.0640625
6 0.54140625 0.82109375 0.02265625 0.0640625