0 0.62421875 0.83671875 0.015625 0.0359375
0 0.828125 0.83125 0.015625 0.028125
0 0.67109375 0.8359375 0.01640625 0.04140625
1 0.7484375 0.82734375 0.01875 0.06953125
1 0.59296875 0.83203125 0.01875 0.071875
6 0.70078125 0.82578125 0.025 0.0734375
5 0.78046875 0.8234375 0.02265625 0.04375
1 0.85703125 0.8234375 0.01640625 0.0625
3 0.965625 0.81796875 0.0234375 0.06640625
2 0.47109375 0.83359375 0.02265625 0.06796875
8 0.934375 0.81484375 0.0265625 0.05625
7 0.88828125 0.81875 0.02890625 0.06796875
6 0.54609375 0.83125 0.0234375 0.06640625
7 0.5140625 0.83046875 0.03125 0.06796875