0 0.8484375 0.84140625 0.0140625 0.0265625
0 0.590625 0.84453125 0.01640625 0.03984375
1 0.6203125 0.8359375 0.01875 0.0640625
1 0.66640625 0.83671875 0.01875 0.0625
0 0.81875 0.840625 0.0140625 0.028125
1 0.7421875 0.8390625 0.01796875 0.0625
5 0.7734375 0.83515625 0.025 0.046875
1 0.6984375 0.8390625 0.01796875 0.06640625
5 0.88125 0.8328125 0.0234375 0.03984375
2 0.46875 0.840625 0.0234375 0.0734375
3 0.92421875 0.82890625 0.025 0.0625
3 0.95625 0.83046875 0.0234375 0.06015625
7 0.54453125 0.83515625 0.02734375 0.08125
7 0.51171875 0.8328125 0.02890625 0.08515625