0 0.5609375 0.88125 0.01328125 0.03359375
0 0.80703125 0.8625 0.0140625 0.03046875
0 0.77734375 0.8640625 0.01640625 0.03046875
1 0.6359375 0.8671875 0.0140625 0.06640625
3 0.8359375 0.853125 0.025 0.0640625
8 0.89296875 0.84453125 0.0265625 0.05859375
5 0.73671875 0.85859375 0.02109375 0.0453125
3 0.5921875 0.86953125 0.025 0.06796875
2 0.4453125 0.8765625 0.01875 0.06953125
1 0.70859375 0.8640625 0.01875 0.06015625
8 0.4875 0.87578125 0.0203125 0.07578125
9 0.6640625 0.86328125 0.01875 0.06640625
2 0.51875 0.87265625 0.01875 0.06953125