0 0.56953125 0.8578125 0.01328125 0.03203125
0 0.815625 0.86953125 0.0140625 0.03359375
1 0.6515625 0.84921875 0.0140625 0.06796875
1 0.846875 0.8640625 0.015625 0.0640625
1 0.92421875 0.8640625 0.015625 0.0640625
4 0.603125 0.85 0.01796875 0.06640625
6 0.68359375 0.853125 0.02265625 0.0640625
5 0.76640625 0.85859375 0.0234375 0.04921875
1 0.73359375 0.859375 0.01875 0.06953125
3 0.5203125 0.84609375 0.0265625 0.06640625
8 0.4859375 0.84375 0.025 0.07578125
2 0.4390625 0.84453125 0.02109375 0.0734375
7 0.95625 0.86328125 0.02890625 0.06953125
2 0.87890625 0.86484375 0.01875 0.0625