0 0.82578125 0.828125 0.01328125 0.03359375
0 0.5953125 0.8359375 0.01171875 0.03046875
3 0.8859375 0.81875 0.0234375 0.06015625
1 0.85625 0.81953125 0.0140625 0.0625
3 0.67265625 0.82421875 0.0265625 0.0640625
1 0.96328125 0.81484375 0.0140625 0.0640625
1 0.70390625 0.8265625 0.0140625 0.0640625
1 0.74921875 0.82578125 0.015625 0.0625
5 0.7796875 0.821875 0.02109375 0.04375
2 0.4859375 0.83125 0.01796875 0.06640625
7 0.93125 0.81640625 0.02734375 0.0734375
2 0.56328125 0.828125 0.01875 0.0640625
8 0.53125 0.82734375 0.0234375 0.06640625
7 0.625 0.82734375 0.0234375 0.06640625