0 0.8609375 0.85625 0.015625 0.03046875
0 0.63828125 0.853125 0.0140625 0.03359375
0 0.79765625 0.85625 0.01640625 0.03046875
5 0.90859375 0.85 0.0265625 0.046875
1 0.8296875 0.85078125 0.01875 0.06796875
0 0.559375 0.8515625 0.01640625 0.0359375
4 0.94140625 0.853125 0.01875 0.06796875
5 0.7484375 0.84609375 0.0234375 0.05078125
1 0.7171875 0.84609375 0.01796875 0.06953125
4 0.66875 0.846875 0.01640625 0.0640625
3 0.5140625 0.83984375 0.025 0.071875
2 0.43671875 0.8421875 0.01875 0.07734375
8 0.48203125 0.84140625 0.0234375 0.071875
6 0.58984375 0.84375 0.025 0.06796875