0 0.8484375 0.8515625 0.015625 0.028125
0 0.590625 0.84609375 0.01171875 0.028125
0 0.81796875 0.85078125 0.0140625 0.0265625
0 0.6671875 0.846875 0.015625 0.03359375
1 0.95390625 0.8453125 0.015625 0.05625
5 0.77265625 0.8421875 0.0234375 0.04375
8 0.87890625 0.84375 0.0265625 0.04921875
1 0.74296875 0.84453125 0.01640625 0.05859375
4 0.696875 0.84375 0.01796875 0.06015625
1 0.92421875 0.84375 0.01796875 0.05625
2 0.46953125 0.8375 0.0203125 0.05625
5 0.51484375 0.8359375 0.02265625 0.0453125
9 0.62109375 0.8390625 0.0203125 0.05859375
3 0.54609375 0.83515625 0.02734375 0.05859375