0 0.5734375 0.83515625 0.01640625 0.0359375
0 0.83515625 0.8453125 0.015625 0.03359375
0 0.8046875 0.84375 0.01640625 0.03359375
4 0.91328125 0.84140625 0.02109375 0.05625
1 0.60390625 0.828125 0.0140625 0.071875
1 0.7265625 0.8328125 0.01875 0.06953125
2 0.6828125 0.83046875 0.025 0.0640625
5 0.75703125 0.83359375 0.0265625 0.0453125
1 0.94453125 0.840625 0.01796875 0.0546875
2 0.65078125 0.83125 0.025 0.0734375
9 0.8671875 0.8390625 0.025 0.0625
2 0.45390625 0.8265625 0.02265625 0.07578125
3 0.52890625 0.82421875 0.025 0.0640625
8 0.49765625 0.82265625 0.0265625 0.06796875