0 0.8515625 0.8390625 0.0140625 0.02421875
0 0.82109375 0.8390625 0.01328125 0.028125
4 0.69921875 0.83515625 0.015625 0.0625
1 0.74453125 0.83515625 0.01796875 0.06640625
5 0.77578125 0.83203125 0.02265625 0.04140625
1 0.6671875 0.83359375 0.01796875 0.0640625
1 0.95703125 0.83125 0.01640625 0.05078125
2 0.47109375 0.8359375 0.02265625 0.06796875
1 0.59140625 0.83671875 0.01875 0.06640625
2 0.6234375 0.83515625 0.02734375 0.0625
3 0.9265625 0.828125 0.02265625 0.05625
6 0.54609375 0.8328125 0.0234375 0.0625
3 0.88125 0.82890625 0.0234375 0.05859375
7 0.51484375 0.8328125 0.0296875 0.06640625