0 0.8265625 0.82421875 0.0140625 0.03046875
0 0.59609375 0.83046875 0.01875 0.04140625
6 0.96171875 0.8125 0.02109375 0.0625
0 0.671875 0.82734375 0.0203125 0.03203125
1 0.75 0.821875 0.01875 0.06953125
1 0.7046875 0.821875 0.01640625 0.06640625
3 0.5515625 0.82421875 0.02734375 0.06796875
5 0.78046875 0.81796875 0.02265625 0.04375
4 0.85625 0.8171875 0.01640625 0.05625
8 0.51875 0.82265625 0.02890625 0.06796875
9 0.93125 0.81328125 0.0265625 0.06015625
2 0.47421875 0.828125 0.0203125 0.071875
2 0.8859375 0.8171875 0.02265625 0.0640625
6 0.62734375 0.82265625 0.0265625 0.07578125