0 0.81640625 0.846875 0.015625 0.03359375
0 0.58203125 0.840625 0.01171875 0.0359375
4 0.69140625 0.8359375 0.015625 0.0640625
1 0.846875 0.840625 0.01796875 0.06640625
5 0.76875 0.83515625 0.0234375 0.04375
1 0.7375 0.83671875 0.015625 0.06953125
2 0.659375 0.8328125 0.02109375 0.06640625
1 0.9234375 0.8390625 0.0203125 0.05859375
2 0.9546875 0.8390625 0.02109375 0.05859375
2 0.45859375 0.83125 0.0203125 0.06953125
2 0.6140625 0.83359375 0.02109375 0.06796875
5 0.878125 0.83671875 0.0203125 0.046875
2 0.5359375 0.83203125 0.0203125 0.06796875
8 0.50390625 0.83125 0.0234375 0.0734375