0 0.84921875 0.82578125 0.02265625 0.03984375
0 0.57109375 0.82578125 0.0203125 0.0359375
0 0.81640625 0.8234375 0.02265625 0.03984375
3 0.884375 0.8234375 0.0359375 0.07734375
1 0.6859375 0.82109375 0.0265625 0.07890625
5 0.7671875 0.81796875 0.0296875 0.05078125
8 0.9296875 0.81484375 0.0359375 0.06015625
4 0.6046875 0.81875 0.0234375 0.06796875
2 0.65390625 0.81875 0.0265625 0.06796875
1 0.73359375 0.81875 0.0234375 0.071875
7 0.96796875 0.81484375 0.03359375 0.07578125
2 0.44296875 0.821875 0.0234375 0.06640625
8 0.48984375 0.81796875 0.0296875 0.0625
2 0.52421875 0.81953125 0.025 0.06640625