0 0.86328125 0.82890625 0.0140625 0.028125
0 0.83125 0.83046875 0.015625 0.03046875
0 0.596875 0.8359375 0.01328125 0.03046875
1 0.675 0.8265625 0.01640625 0.06015625
4 0.70703125 0.82421875 0.01640625 0.06015625
5 0.78515625 0.8234375 0.0203125 0.03984375
2 0.97265625 0.82109375 0.02109375 0.0640625
1 0.89609375 0.82265625 0.01796875 0.05625
1 0.7546875 0.82578125 0.01640625 0.05859375
3 0.55 0.82890625 0.0234375 0.06640625
5 0.62890625 0.82578125 0.02109375 0.03984375
2 0.47109375 0.83046875 0.0203125 0.06796875
8 0.51640625 0.82890625 0.0234375 0.06640625
7 0.94140625 0.81953125 0.02734375 0.0625