0 0.8109375 0.84921875 0.0140625 0.03046875
0 0.57734375 0.840625 0.01171875 0.03203125
4 0.94921875 0.84609375 0.02265625 0.05859375
1 0.84140625 0.8421875 0.01796875 0.06640625
5 0.87265625 0.840625 0.02109375 0.05078125
1 0.73203125 0.83984375 0.0140625 0.06015625
4 0.91875 0.84375 0.01640625 0.0640625
1 0.65390625 0.8328125 0.015625 0.06640625
5 0.7625 0.8390625 0.0203125 0.04375
1 0.6859375 0.8359375 0.01640625 0.06015625
2 0.45859375 0.82890625 0.01875 0.06953125
5 0.60859375 0.8328125 0.0203125 0.046875
8 0.50078125 0.83125 0.02265625 0.06953125
2 0.53203125 0.83125 0.02109375 0.06640625