0 0.81171875 0.8453125 0.01640625 0.03046875
0 0.84296875 0.84453125 0.01640625 0.028125
0 0.578125 0.83984375 0.01328125 0.03046875
1 0.765625 0.83984375 0.01875 0.06796875
0 0.65546875 0.84375 0.01796875 0.03359375
1 0.734375 0.83515625 0.01875 0.0625
2 0.95078125 0.83671875 0.025 0.0625
1 0.8734375 0.8375 0.01875 0.05625
5 0.50078125 0.8265625 0.025 0.0453125
7 0.91953125 0.8359375 0.02734375 0.0640625
8 0.6859375 0.83203125 0.02734375 0.06015625
3 0.5328125 0.82734375 0.02734375 0.05859375
4 0.60859375 0.83515625 0.01796875 0.0625
2 0.45625 0.82734375 0.0203125 0.0546875