0 0.85234375 0.82734375 0.0140625 0.02421875
0 0.615625 0.828125 0.01640625 0.0375
1 0.66328125 0.821875 0.01875 0.0625
0 0.82109375 0.828125 0.015625 0.0265625
2 0.9609375 0.81640625 0.0203125 0.05859375
1 0.74140625 0.82578125 0.02109375 0.06640625
5 0.7734375 0.821875 0.025 0.04375
3 0.6953125 0.81953125 0.02890625 0.06640625
1 0.58359375 0.8234375 0.0203125 0.0734375
9 0.93046875 0.81640625 0.0203125 0.05859375
9 0.88359375 0.8171875 0.02265625 0.05625
7 0.50625 0.82109375 0.03125 0.06796875
6 0.5375 0.82109375 0.02265625 0.06796875
2 0.46171875 0.8234375 0.0234375 0.0734375