0 0.84765625 0.84921875 0.01640625 0.03046875
0 0.6015625 0.8578125 0.01640625 0.03984375
0 0.8171875 0.84921875 0.01796875 0.03046875
0 0.6734375 0.853125 0.0140625 0.0375
3 0.878125 0.8375 0.02734375 0.0640625
1 0.62890625 0.8484375 0.015625 0.06640625
1 0.95078125 0.840625 0.01796875 0.05859375
2 0.921875 0.83671875 0.025 0.0625
1 0.74609375 0.84453125 0.01875 0.06640625
5 0.7765625 0.8421875 0.025 0.04375
2 0.48203125 0.8546875 0.02109375 0.07578125
7 0.52421875 0.85 0.02734375 0.08125
7 0.55625 0.85 0.0234375 0.07734375
2 0.703125 0.84453125 0.0203125 0.06953125