0 0.82421875 0.82578125 0.015625 0.028125
0 0.8546875 0.8265625 0.01875 0.03359375
0 0.88515625 0.8234375 0.01796875 0.03203125
0 0.67109375 0.828125 0.0109375 0.03359375
0 0.59453125 0.82734375 0.0109375 0.03203125
4 0.5484375 0.82265625 0.0140625 0.06796875
1 0.7484375 0.82109375 0.01796875 0.06796875
4 0.93125 0.81484375 0.02265625 0.05625
5 0.7796875 0.81796875 0.0234375 0.04375
4 0.96328125 0.81796875 0.02109375 0.05859375
4 0.7015625 0.821875 0.015625 0.06640625
2 0.475 0.82109375 0.01875 0.0640625
5 0.51875 0.82109375 0.02109375 0.0453125
3 0.625 0.81875 0.0234375 0.0640625