5 0.953125 0.8265625 0.02265625 0.04140625
0 0.8109375 0.8359375 0.01328125 0.0265625
0 0.9203125 0.83515625 0.0140625 0.028125
0 0.57890625 0.8328125 0.01328125 0.028125
0 0.65546875 0.83359375 0.0109375 0.03359375
5 0.8734375 0.8265625 0.02265625 0.04140625
5 0.76328125 0.828125 0.0234375 0.04140625
1 0.84296875 0.828125 0.01875 0.06015625
1 0.73203125 0.83046875 0.01640625 0.06015625
9 0.684375 0.82578125 0.01875 0.0625
2 0.4578125 0.82578125 0.0203125 0.0734375
9 0.60859375 0.8234375 0.0203125 0.0625
2 0.53359375 0.82734375 0.02109375 0.06640625
8 0.5015625 0.82734375 0.0234375 0.06953125