0 0.828125 0.821875 0.01328125 0.028125
1 0.97109375 0.80625 0.015625 0.05859375
1 0.85859375 0.81015625 0.015625 0.05859375
1 0.74765625 0.81953125 0.01875 0.06640625
1 0.66875 0.81875 0.015625 0.06015625
5 0.9390625 0.80859375 0.0234375 0.03984375
1 0.590625 0.82421875 0.01875 0.0640625
8 0.509375 0.82578125 0.02890625 0.0625
5 0.77890625 0.81484375 0.02265625 0.0453125
2 0.54296875 0.82578125 0.02109375 0.0625
6 0.69921875 0.81640625 0.02265625 0.0625
2 0.4640625 0.83125 0.02109375 0.06640625
1 0.621875 0.821875 0.0203125 0.06640625
6 0.8890625 0.81015625 0.02109375 0.0625