0 0.8140625 0.85546875 0.0140625 0.02421875
0 0.92109375 0.859375 0.01171875 0.028125
0 0.58203125 0.85 0.01171875 0.028125
1 0.7359375 0.84921875 0.015625 0.06015625
2 0.4609375 0.840625 0.01796875 0.0625
4 0.95234375 0.85078125 0.01640625 0.05625
2 0.84453125 0.84921875 0.02265625 0.06015625
5 0.690625 0.8453125 0.02109375 0.0375
5 0.76796875 0.84609375 0.0234375 0.03984375
3 0.878125 0.84921875 0.025 0.05625
8 0.50546875 0.840625 0.02265625 0.06640625
2 0.5375 0.8421875 0.01796875 0.0625
2 0.65859375 0.84609375 0.02109375 0.0625
2 0.6140625 0.8453125 0.0203125 0.0640625