0 0.59375 0.84453125 0.0234375 0.04375
0 0.84375 0.840625 0.01796875 0.028125
2 0.4640625 0.8359375 0.0296875 0.06015625
1 0.6765625 0.83671875 0.0234375 0.0734375
1 0.875 0.8328125 0.01875 0.0625
1 0.75859375 0.8390625 0.0234375 0.06953125
3 0.98671875 0.82734375 0.0234375 0.0625
1 0.95546875 0.82890625 0.0203125 0.0546875
3 0.7109375 0.8359375 0.0296875 0.071875
5 0.79296875 0.83359375 0.0265625 0.0453125
6 0.9078125 0.828125 0.0296875 0.05625
7 0.50859375 0.8328125 0.03203125 0.0734375
2 0.628125 0.83515625 0.03203125 0.0625
7 0.5453125 0.83203125 0.02890625 0.07578125