0 0.53203125 0.82890625 0.03125 0.04375
0 0.740625 0.8390625 0.02890625 0.0359375
1 0.571875 0.8234375 0.03203125 0.07734375
2 0.2734375 0.81953125 0.03671875 0.06953125
0 0.43046875 0.82890625 0.03203125 0.046875
5 0.678125 0.82578125 0.0390625 0.0546875
2 0.4734375 0.81875 0.03828125 0.0640625
1 0.63359375 0.8234375 0.03203125 0.07734375
3 0.93359375 0.83203125 0.03671875 0.0640625
7 0.37109375 0.81875 0.040625 0.0640625
3 0.8890625 0.83125 0.04140625 0.0734375
7 0.3265625 0.82265625 0.0390625 0.06796875
4 0.78125 0.8328125 0.0265625 0.0625
3 0.8265625 0.83203125 0.04296875 0.0640625