0 0.8390625 0.853125 0.01328125 0.03046875
0 0.91796875 0.8546875 0.0140625 0.03046875
0 0.57578125 0.8453125 0.015625 0.03359375
5 0.87109375 0.84453125 0.0234375 0.046875
0 0.80859375 0.8515625 0.01328125 0.028125
4 0.9484375 0.85078125 0.01796875 0.0640625
5 0.7609375 0.84375 0.02265625 0.0453125
2 0.45390625 0.83515625 0.01796875 0.06953125
1 0.73046875 0.8453125 0.01796875 0.0640625
2 0.653125 0.8390625 0.02265625 0.06640625
9 0.68359375 0.8375 0.0203125 0.0640625
6 0.6046875 0.83671875 0.0234375 0.06640625
2 0.53046875 0.8375 0.0203125 0.06796875
8 0.49765625 0.83515625 0.0234375 0.0734375