9 0.953125 0.8796875 0.01953125 0.05625
1 0.8484375 0.878125 0.01171875 0.05859375
0 0.59609375 0.88203125 0.01171875 0.03203125
0 0.81953125 0.88671875 0.01328125 0.0265625
1 0.74609375 0.88046875 0.015625 0.06640625
5 0.775 0.878125 0.02109375 0.04375
9 0.8796875 0.878125 0.02109375 0.059375
2 0.47890625 0.86875 0.0203125 0.06640625
8 0.521875 0.86875 0.02265625 0.06953125
2 0.67109375 0.87421875 0.0203125 0.06640625
2 0.6265625 0.87421875 0.0203125 0.06640625
7 0.921875 0.88125 0.025 0.0640625
5 0.70078125 0.87421875 0.0203125 0.04375
2 0.55234375 0.87109375 0.01875 0.06640625