0 0.8859375 0.83203125 0.0109375 0.02265625
4 0.99296875 0.81796875 0.01171875 0.0546875
0 0.6171875 0.8515625 0.01328125 0.028125
0 0.696875 0.8453125 0.01328125 0.03046875
0 0.85625 0.83359375 0.01171875 0.02265625
2 0.56875 0.84609375 0.02109375 0.06640625
5 0.72890625 0.83515625 0.02265625 0.03984375
5 0.96328125 0.82109375 0.01875 0.03359375
2 0.48671875 0.853125 0.02109375 0.0640625
1 0.7765625 0.83359375 0.01796875 0.05625
4 0.6484375 0.84375 0.015625 0.05625
5 0.8078125 0.83046875 0.0203125 0.0375
9 0.91640625 0.82109375 0.01640625 0.04921875
8 0.53515625 0.84921875 0.025 0.06796875