0 0.58671875 0.8453125 0.01875 0.03359375
0 0.6609375 0.8453125 0.02109375 0.03359375
0 0.8109375 0.84375 0.02109375 0.03046875
2 0.87265625 0.8375 0.02890625 0.0640625
1 0.6171875 0.83671875 0.02265625 0.06640625
2 0.84140625 0.8375 0.02265625 0.0640625
7 0.94921875 0.8359375 0.0296875 0.06796875
1 0.73515625 0.8359375 0.02265625 0.071875
8 0.69140625 0.83671875 0.03125 0.05859375
5 0.765625 0.8359375 0.0265625 0.04921875
2 0.46640625 0.84140625 0.0265625 0.071875
7 0.54140625 0.83515625 0.02734375 0.06640625
7 0.915625 0.8375 0.03125 0.06796875
7 0.509375 0.83671875 0.02890625 0.06640625