0 0.8515625 0.828125 0.01171875 0.0265625
0 0.5921875 0.83515625 0.0109375 0.02421875
0 0.66875 0.83359375 0.0109375 0.0265625
0 0.82109375 0.82890625 0.0109375 0.02421875
0 0.92890625 0.82734375 0.01328125 0.028125
1 0.74453125 0.82734375 0.015625 0.05859375
2 0.471875 0.83046875 0.0203125 0.05625
5 0.77578125 0.82265625 0.0203125 0.0375
5 0.51640625 0.82890625 0.01875 0.03984375
2 0.95859375 0.8171875 0.01796875 0.06015625
5 0.8828125 0.81953125 0.0203125 0.03984375
5 0.6984375 0.82421875 0.02109375 0.04140625
4 0.62265625 0.82734375 0.0140625 0.05859375
4 0.54609375 0.828125 0.0140625 0.06015625