0 0.84609375 0.8171875 0.015625 0.0265625
0 0.6234375 0.82578125 0.01328125 0.0359375
0 0.728125 0.82109375 0.01328125 0.03359375
1 0.771875 0.81484375 0.01796875 0.06796875
6 0.97109375 0.80546875 0.025 0.053125
2 0.5015625 0.81953125 0.0203125 0.0734375
2 0.696875 0.81640625 0.02265625 0.06953125
2 0.94375 0.8078125 0.0234375 0.05625
5 0.8015625 0.81015625 0.0234375 0.04375
3 0.90234375 0.8078125 0.0265625 0.05625
2 0.65390625 0.81875 0.02265625 0.06796875
3 0.87265625 0.80859375 0.0234375 0.05859375
8 0.54609375 0.81953125 0.0234375 0.07734375
2 0.578125 0.81953125 0.0203125 0.06640625