0 0.859375 0.85859375 0.01171875 0.0265625
5 0.81875 0.8609375 0.0203125 0.04375
0 0.72265625 0.8953125 0.01171875 0.028125
0 0.6515625 0.9140625 0.01328125 0.028125
4 0.9734375 0.821875 0.0140625 0.0625
1 0.79140625 0.87109375 0.01328125 0.06640625
1 0.88515625 0.83984375 0.01328125 0.05625
2 0.60859375 0.9171875 0.01875 0.0640625
2 0.53359375 0.93984375 0.02109375 0.071875
8 0.9484375 0.8234375 0.01875 0.05859375
8 0.5765625 0.92890625 0.02265625 0.0734375
6 0.9109375 0.8328125 0.01875 0.05859375
8 0.75078125 0.878125 0.02265625 0.0625
5 0.6796875 0.8984375 0.01875 0.04140625