0 0.8671875 0.79609375 0.01328125 0.0265625
0 0.5984375 0.81328125 0.01328125 0.03359375
0 0.81328125 0.80390625 0.01171875 0.03046875
3 0.93359375 0.7828125 0.0203125 0.053125
2 0.90703125 0.7859375 0.01875 0.0546875
1 0.67109375 0.803125 0.0140625 0.0625
2 0.48125 0.81015625 0.02109375 0.0625
1 0.74375 0.8 0.01640625 0.06015625
2 0.84140625 0.7921875 0.01796875 0.05625
2 0.62734375 0.80390625 0.01875 0.06015625
7 0.5234375 0.8125 0.0265625 0.0734375
6 0.77109375 0.79609375 0.0203125 0.06015625
7 0.5546875 0.81015625 0.0234375 0.06953125
6 0.7 0.8 0.02109375 0.06015625