0 0.6734375 0.8328125 0.01328125 0.03203125
1 0.62578125 0.8265625 0.01796875 0.0640625
0 0.5953125 0.83671875 0.0140625 0.03203125
0 0.828125 0.82734375 0.01328125 0.02421875
1 0.75 0.82578125 0.01640625 0.06640625
2 0.47109375 0.83359375 0.0234375 0.071875
7 0.515625 0.83046875 0.0265625 0.07578125
3 0.703125 0.82421875 0.025 0.0640625
2 0.96875 0.8140625 0.01796875 0.0625
5 0.78125 0.82109375 0.0234375 0.04140625
7 0.5484375 0.83125 0.025 0.0734375
3 0.85859375 0.81796875 0.025 0.06640625
2 0.89140625 0.81953125 0.02265625 0.0625
7 0.9359375 0.81875 0.0234375 0.071875