0 0.86015625 0.82890625 0.01796875 0.028125
0 0.9359375 0.8265625 0.01640625 0.0265625
0 0.82890625 0.83046875 0.0140625 0.0265625
5 0.7828125 0.82265625 0.02265625 0.0375
1 0.753125 0.82578125 0.015625 0.06640625
8 0.89140625 0.81953125 0.0296875 0.05078125
1 0.96796875 0.81640625 0.01640625 0.0625
5 0.521875 0.83046875 0.0203125 0.0375
2 0.47734375 0.82890625 0.01875 0.0546875
4 0.553125 0.82890625 0.015625 0.05859375
4 0.62890625 0.82890625 0.015625 0.05859375
7 0.70625 0.82578125 0.025 0.06640625