0 0.84296875 0.88984375 0.0140625 0.028125
0 0.66484375 0.88359375 0.01796875 0.03984375
0 0.590625 0.88203125 0.0140625 0.03203125
0 0.8140625 0.8890625 0.015625 0.03046875
1 0.94453125 0.88359375 0.015625 0.0625
2 0.91640625 0.88203125 0.02109375 0.0625
5 0.7703125 0.878125 0.0234375 0.046875
2 0.46953125 0.86875 0.0203125 0.06640625
3 0.8734375 0.88046875 0.02734375 0.06953125
1 0.73984375 0.88046875 0.01796875 0.06640625
2 0.62109375 0.87578125 0.02109375 0.0640625
7 0.5140625 0.86875 0.025 0.0734375
6 0.69375 0.87421875 0.0265625 0.06640625
7 0.54453125 0.86953125 0.025 0.071875