0 0.81875 0.82109375 0.01171875 0.0265625
0 0.87890625 0.81875 0.01171875 0.0265625
0 0.59140625 0.828125 0.0109375 0.0265625
1 0.8484375 0.81328125 0.015625 0.06015625
1 0.74140625 0.81875 0.015625 0.06015625
2 0.47265625 0.8265625 0.01875 0.0640625
5 0.95546875 0.80859375 0.0203125 0.04375
5 0.771875 0.81484375 0.0203125 0.04140625
6 0.92265625 0.81015625 0.02109375 0.05859375
2 0.54609375 0.82265625 0.01796875 0.0640625
5 0.69609375 0.81796875 0.01875 0.03984375
2 0.665625 0.81875 0.01875 0.06015625
2 0.62109375 0.82109375 0.0203125 0.06015625
8 0.515625 0.82421875 0.02109375 0.06796875