0 0.60234375 0.8390625 0.01640625 0.028125
0 0.84765625 0.83046875 0.0140625 0.0265625
5 0.990625 0.81875 0.01875 0.0375
5 0.91171875 0.821875 0.02109375 0.0359375
2 0.68359375 0.828125 0.025 0.06015625
2 0.471875 0.8359375 0.02265625 0.06796875
3 0.55546875 0.83125 0.0296875 0.06640625
1 0.765625 0.83046875 0.01875 0.0640625
5 0.7984375 0.82421875 0.02265625 0.04140625
8 0.5203125 0.83125 0.02890625 0.0625
3 0.63515625 0.83046875 0.0296875 0.0640625
6 0.71640625 0.82734375 0.03125 0.05859375
7 0.959375 0.82265625 0.02890625 0.0640625
2 0.8796875 0.821875 0.02109375 0.05859375