0 0.81484375 0.85 0.0203125 0.0359375
0 0.653125 0.846875 0.01796875 0.04140625
0 0.57265625 0.8484375 0.01640625 0.04375
1 0.846875 0.84140625 0.0203125 0.07578125
8 0.684375 0.83984375 0.03125 0.06796875
5 0.95703125 0.83359375 0.0265625 0.053125
5 0.765625 0.8390625 0.0265625 0.0546875
1 0.734375 0.8421875 0.02109375 0.07734375
2 0.44609375 0.84453125 0.02265625 0.0734375
7 0.925 0.83671875 0.02890625 0.07734375
3 0.6046875 0.84140625 0.03125 0.08671875
8 0.49296875 0.840625 0.03125 0.0734375
3 0.5265625 0.84140625 0.0296875 0.0828125
7 0.878125 0.83984375 0.02734375 0.07890625