0 0.7390625 0.8546875 0.0203125 0.0375
0 0.58125 0.85078125 0.02109375 0.0375
0 0.81640625 0.8578125 0.01796875 0.03984375
2 0.95546875 0.84609375 0.02734375 0.06640625
1 0.92265625 0.8484375 0.0234375 0.0734375
1 0.69375 0.8484375 0.025 0.06953125
2 0.4578125 0.8390625 0.02734375 0.06953125
1 0.76953125 0.8484375 0.02265625 0.06953125
3 0.6140625 0.84453125 0.03203125 0.0734375
2 0.66015625 0.8453125 0.03203125 0.071875
3 0.53671875 0.83984375 0.03125 0.06796875
6 0.87734375 0.8484375 0.0265625 0.0625
7 0.84609375 0.8484375 0.02890625 0.06953125
8 0.50234375 0.83671875 0.03125 0.06640625