0 0.828125 0.82890625 0.015625 0.028125
0 0.60078125 0.8375 0.01796875 0.0453125
3 0.9640625 0.81875 0.0265625 0.06015625
1 0.7515625 0.8265625 0.0203125 0.071875
1 0.8578125 0.821875 0.01796875 0.0546875
0 0.70625 0.8328125 0.01640625 0.03203125
2 0.4796875 0.83359375 0.0265625 0.0640625
1 0.675 0.82734375 0.01875 0.06640625
5 0.78203125 0.821875 0.0234375 0.04375
4 0.88671875 0.81953125 0.01640625 0.05859375
2 0.63125 0.8265625 0.025 0.06015625
7 0.52265625 0.82578125 0.02890625 0.08125
7 0.9328125 0.81796875 0.02734375 0.0625
7 0.5546875 0.82578125 0.02890625 0.08125