0 0.85859375 0.84140625 0.02890625 0.03359375
0 0.79140625 0.8375 0.02109375 0.03359375
0 0.540625 0.83046875 0.01640625 0.0375
0 0.82421875 0.840625 0.02734375 0.03984375
2 0.41015625 0.82265625 0.025 0.07890625
2 0.6234375 0.82421875 0.02734375 0.06796875
6 0.6578125 0.8234375 0.0296875 0.06953125
5 0.740625 0.83046875 0.03125 0.04921875
7 0.9453125 0.828125 0.0359375 0.07578125
8 0.45859375 0.8171875 0.03125 0.07890625
7 0.90703125 0.82890625 0.03359375 0.07734375
1 0.70625 0.83046875 0.0234375 0.071875
7 0.57421875 0.82265625 0.034375 0.07578125
2 0.49296875 0.8234375 0.0234375 0.06953125