1 0.9109375 0.83359375 0.02734375 0.05625
5 0.94765625 0.83125 0.02890625 0.04375
0 0.8265625 0.84375 0.01796875 0.03046875
0 0.7953125 0.84453125 0.01875 0.028125
5 0.8609375 0.83515625 0.02734375 0.03984375
2 0.43515625 0.8375 0.0296875 0.06796875
1 0.7125 0.8390625 0.02265625 0.0625
2 0.63359375 0.8390625 0.0296875 0.06640625
2 0.51328125 0.8390625 0.02890625 0.0625
5 0.7453125 0.83671875 0.0265625 0.04375
2 0.66796875 0.8375 0.02890625 0.0640625
2 0.5890625 0.83984375 0.02890625 0.06796875
1 0.55625 0.840625 0.0234375 0.06640625
8 0.47890625 0.8359375 0.0296875 0.0640625