0 0.6609375 0.840625 0.02109375 0.0359375
0 0.5828125 0.83671875 0.02265625 0.0359375
0 0.8171875 0.8484375 0.0203125 0.03203125
2 0.4609375 0.821875 0.02890625 0.06640625
1 0.8484375 0.84453125 0.0203125 0.06953125
1 0.7390625 0.8390625 0.02109375 0.06640625
8 0.69375 0.8328125 0.0296875 0.05859375
3 0.53828125 0.8234375 0.02890625 0.0625
8 0.91875 0.8375 0.02890625 0.0640625
5 0.77109375 0.8359375 0.02734375 0.04921875
8 0.95234375 0.840625 0.03125 0.0625
2 0.61484375 0.83203125 0.025 0.06796875
3 0.87890625 0.83984375 0.025 0.071875
8 0.50390625 0.821875 0.03359375 0.0625