0 0.81328125 0.8375 0.0140625 0.03046875
0 0.65625 0.83984375 0.01640625 0.03359375
5 0.9546875 0.828125 0.0265625 0.0453125
1 0.68828125 0.83046875 0.01640625 0.06796875
2 0.5328125 0.83125 0.02265625 0.06640625
1 0.57890625 0.83515625 0.01875 0.0734375
4 0.84375 0.83046875 0.01796875 0.06015625
5 0.76640625 0.83125 0.025 0.04375
1 0.73359375 0.8328125 0.01796875 0.06953125
2 0.921875 0.83046875 0.02265625 0.0640625
2 0.45625 0.83125 0.02109375 0.06953125
8 0.50078125 0.82734375 0.0296875 0.0734375
2 0.6109375 0.83359375 0.02734375 0.06796875
9 0.8765625 0.83046875 0.0234375 0.06015625