0 0.61640625 0.846875 0.01171875 0.03046875
5 0.6484375 0.8390625 0.02109375 0.03984375
2 0.49296875 0.84375 0.01875 0.06796875
5 0.728125 0.83671875 0.0203125 0.03984375
1 0.7734375 0.83671875 0.01640625 0.05859375
1 0.69609375 0.840625 0.015625 0.0625
6 0.909375 0.8265625 0.02109375 0.05625
2 0.5703125 0.840625 0.01875 0.0625
2 0.9859375 0.82421875 0.01640625 0.053125
5 0.80390625 0.8328125 0.0203125 0.03984375
8 0.5375 0.8421875 0.02265625 0.06640625
3 0.9546875 0.8265625 0.02109375 0.05625
2 0.88125 0.82890625 0.01875 0.0546875
0 0.85234375 0.83984375 0.0171875 0.0296875