0 0.85859375 0.840625 0.01328125 0.02421875
0 0.82890625 0.840625 0.01328125 0.02421875
0 0.60546875 0.85 0.01328125 0.03203125
3 0.8890625 0.83203125 0.025 0.06015625
5 0.5296875 0.84609375 0.02109375 0.03984375
2 0.4859375 0.84921875 0.02109375 0.05625
8 0.93203125 0.82734375 0.0265625 0.0546875
1 0.75546875 0.840625 0.01796875 0.05859375
4 0.96171875 0.83046875 0.01640625 0.05625
6 0.634375 0.83984375 0.0265625 0.05625
5 0.784375 0.83515625 0.02109375 0.03984375
3 0.7109375 0.8390625 0.025 0.0546875
2 0.67890625 0.83984375 0.0203125 0.05625
4 0.5609375 0.84609375 0.01640625 0.0625