0 0.67578125 0.81015625 0.01796875 0.028125
0 0.5921875 0.81640625 0.01796875 0.03203125
0 0.8359375 0.79921875 0.015625 0.03203125
1 0.70703125 0.8015625 0.01640625 0.06015625
3 0.54375 0.809375 0.03125 0.06796875
1 0.75703125 0.8 0.01875 0.06015625
2 0.4609375 0.8171875 0.0265625 0.06796875
3 0.62421875 0.80625 0.0296875 0.06640625
8 0.50703125 0.81015625 0.03359375 0.0625
4 0.89765625 0.78984375 0.01875 0.0546875
5 0.7890625 0.7953125 0.02265625 0.03984375
1 0.8671875 0.790625 0.01796875 0.05625
5 0.971875 0.78125 0.0203125 0.0375
2 0.94296875 0.78359375 0.02109375 0.05859375