0 0.8140625 0.86015625 0.01171875 0.03046875
0 0.84375 0.8609375 0.01171875 0.03203125
0 0.58125 0.85390625 0.0109375 0.03203125
2 0.94921875 0.8546875 0.0203125 0.06796875
1 0.7359375 0.85078125 0.0140625 0.071875
1 0.65859375 0.84921875 0.01640625 0.071875
5 0.50390625 0.84453125 0.0203125 0.04375
3 0.87421875 0.853125 0.025 0.06015625
5 0.7671875 0.8515625 0.02265625 0.04375
7 0.68984375 0.846875 0.02734375 0.07578125
7 0.91953125 0.85546875 0.02734375 0.0734375
3 0.6140625 0.8484375 0.025 0.06640625
4 0.53515625 0.8484375 0.01328125 0.06640625
2 0.45859375 0.84375 0.01796875 0.0640625