0 0.6109375 0.8328125 0.01171875 0.03203125
0 0.715625 0.82890625 0.0140625 0.0359375
0 0.83515625 0.8265625 0.01328125 0.0265625
4 0.78828125 0.82109375 0.01640625 0.06015625
1 0.640625 0.82421875 0.01640625 0.0640625
1 0.75859375 0.81953125 0.01640625 0.05859375
1 0.68359375 0.82421875 0.01796875 0.0640625
3 0.9671875 0.8140625 0.02265625 0.05859375
8 0.93828125 0.8140625 0.0234375 0.0546875
2 0.86328125 0.81796875 0.01875 0.0625
2 0.49140625 0.83046875 0.02109375 0.06796875
7 0.53359375 0.82265625 0.02734375 0.07578125
9 0.89296875 0.81640625 0.01875 0.05859375
7 0.56640625 0.82421875 0.025 0.071875