0 0.8515625 0.82421875 0.01875 0.03046875
0 0.72109375 0.82734375 0.02265625 0.03203125
0 0.60390625 0.82421875 0.0203125 0.03359375
6 0.98828125 0.8140625 0.02109375 0.0625
1 0.88203125 0.8171875 0.01875 0.06015625
5 0.80234375 0.81796875 0.02890625 0.046875
9 0.959375 0.81484375 0.0265625 0.06015625
1 0.76875 0.821875 0.02265625 0.06953125
2 0.47578125 0.81796875 0.02265625 0.0734375
2 0.55703125 0.81640625 0.0234375 0.06953125
3 0.9140625 0.81484375 0.02890625 0.05625
3 0.68671875 0.81875 0.03125 0.06015625
8 0.5234375 0.8140625 0.02734375 0.0734375
8 0.63828125 0.81484375 0.03125 0.05625