0 0.8484375 0.8328125 0.01796875 0.03203125
0 0.58359375 0.8328125 0.01875 0.04375
0 0.81796875 0.8328125 0.0140625 0.028125
5 0.77109375 0.82578125 0.02734375 0.046875
4 0.6140625 0.82578125 0.01640625 0.0734375
2 0.46015625 0.828125 0.025 0.06796875
1 0.7390625 0.82421875 0.0203125 0.07578125
2 0.6609375 0.82734375 0.02265625 0.0734375
2 0.69375 0.8265625 0.02734375 0.07578125
8 0.5046875 0.82421875 0.03125 0.0640625
3 0.5375 0.82734375 0.025 0.06640625
8 0.88125 0.82265625 0.03125 0.053125
8 0.9265625 0.821875 0.02734375 0.05859375
6 0.95625 0.82109375 0.02265625 0.06015625