0 0.5875 0.8484375 0.01328125 0.03203125
3 0.953125 0.8484375 0.02265625 0.05859375
0 0.81875 0.85390625 0.01328125 0.02421875
1 0.84765625 0.84921875 0.01640625 0.05625
5 0.5109375 0.8375 0.02265625 0.04140625
3 0.9234375 0.8484375 0.0234375 0.05859375
1 0.740625 0.84453125 0.0140625 0.06640625
5 0.77109375 0.84609375 0.0234375 0.03984375
2 0.878125 0.8484375 0.0203125 0.0546875
1 0.66484375 0.84453125 0.01796875 0.0625
6 0.61796875 0.83984375 0.0265625 0.06015625
3 0.54375 0.8375 0.02734375 0.06015625
7 0.69609375 0.840625 0.02734375 0.06640625
2 0.465625 0.8375 0.01875 0.05625