0 0.58359375 0.8625 0.015625 0.03359375
0 0.6609375 0.8625 0.01171875 0.03046875
5 0.76875 0.85625 0.0234375 0.0375
0 0.84453125 0.86484375 0.0109375 0.02421875
0 0.81484375 0.8640625 0.01328125 0.0265625
5 0.87578125 0.85625 0.0203125 0.0375
9 0.615625 0.85390625 0.01875 0.0625
1 0.7375 0.8578125 0.01328125 0.0625
5 0.95 0.85546875 0.02109375 0.03984375
2 0.46171875 0.853125 0.01875 0.0640625
7 0.5078125 0.85078125 0.0296875 0.0640625
2 0.69140625 0.85546875 0.01875 0.05859375
6 0.53828125 0.85 0.02109375 0.06640625
6 0.91953125 0.85625 0.0203125 0.053125