0 0.8265625 0.83125 0.01640625 0.03203125
1 0.85625 0.82734375 0.01640625 0.0546875
1 0.7484375 0.821875 0.01796875 0.05859375
1 0.9609375 0.82734375 0.01640625 0.0546875
9 0.70234375 0.81796875 0.0234375 0.0625
2 0.7796875 0.821875 0.0234375 0.0625
4 0.93125 0.82734375 0.0203125 0.0546875
4 0.8859375 0.8265625 0.01640625 0.06015625
1 0.59609375 0.81875 0.01875 0.0640625
1 0.6265625 0.81796875 0.01796875 0.05859375
2 0.671875 0.8171875 0.02265625 0.06015625
2 0.4765625 0.81640625 0.0234375 0.06640625
7 0.51953125 0.8140625 0.03203125 0.0625
6 0.55 0.81484375 0.0234375 0.0640625