0 0.56328125 0.8515625 0.01640625 0.0359375
0 0.90625 0.859375 0.02109375 0.0359375
0 0.640625 0.8515625 0.0140625 0.0359375
0 0.79609375 0.85546875 0.0203125 0.0359375
3 0.9375 0.8515625 0.0296875 0.06640625
1 0.71640625 0.846875 0.01875 0.06796875
3 0.8265625 0.84921875 0.02890625 0.071875
4 0.59375 0.84609375 0.01640625 0.06640625
5 0.7484375 0.846875 0.02734375 0.0453125
3 0.51875 0.83984375 0.02734375 0.0640625
2 0.67109375 0.84609375 0.02109375 0.06953125
2 0.44140625 0.840625 0.02109375 0.06640625
5 0.85859375 0.85 0.02734375 0.046875
8 0.4859375 0.8375 0.0265625 0.0640625