0 0.59375 0.85625 0.01328125 0.03046875
0 0.821875 0.85078125 0.01328125 0.03046875
0 0.88125 0.85 0.01328125 0.03203125
1 0.66875 0.8484375 0.0140625 0.0625
8 0.9578125 0.8375 0.02265625 0.0640625
3 0.54765625 0.84921875 0.0234375 0.0640625
8 0.9265625 0.84140625 0.02265625 0.06796875
8 0.51640625 0.84921875 0.02265625 0.06796875
1 0.7453125 0.84921875 0.01640625 0.0640625
5 0.7765625 0.8453125 0.02265625 0.04140625
2 0.47265625 0.853125 0.01875 0.071875
2 0.6234375 0.84921875 0.01875 0.0640625
9 0.69921875 0.84453125 0.01796875 0.0625
2 0.853125 0.8421875 0.0203125 0.06640625