0 0.57890625 0.85390625 0.009375 0.028125
9 0.9453125 0.85546875 0.01875 0.0625
5 0.8703125 0.85546875 0.02109375 0.0359375
1 0.91484375 0.85859375 0.015625 0.0640625
1 0.73125 0.85390625 0.0140625 0.05859375
0 0.80859375 0.86015625 0.01171875 0.0265625
5 0.6859375 0.84921875 0.02109375 0.0375
5 0.76171875 0.853125 0.02109375 0.0375
3 0.60859375 0.846875 0.0234375 0.05625
5 0.5015625 0.84375 0.01796875 0.04140625
2 0.4578125 0.8421875 0.01796875 0.05859375
2 0.6546875 0.846875 0.02109375 0.06015625
4 0.53203125 0.8453125 0.01171875 0.0640625