0 0.83515625 0.8515625 0.01328125 0.02421875
0 0.80390625 0.8515625 0.01171875 0.028125
0 0.60390625 0.84375 0.01171875 0.03046875
4 0.94375 0.84609375 0.01640625 0.05859375
1 0.64921875 0.8375 0.015625 0.05625
1 0.57265625 0.8375 0.01640625 0.05625
5 0.49609375 0.83359375 0.0203125 0.0375
1 0.9125 0.846875 0.01328125 0.06015625
2 0.72734375 0.840625 0.02109375 0.05859375
7 0.86640625 0.84453125 0.0234375 0.0625
3 0.5265625 0.83359375 0.0234375 0.05625
6 0.6796875 0.8375 0.02109375 0.06015625
2 0.4515625 0.83203125 0.01875 0.05625
6 0.75625 0.83984375 0.0203125 0.05625