0 0.825 0.83984375 0.0140625 0.03046875
0 0.6671875 0.840625 0.015625 0.03203125
0 0.5890625 0.84140625 0.01328125 0.03046875
0 0.85546875 0.840625 0.01328125 0.028125
6 0.96328125 0.83046875 0.0265625 0.05625
5 0.9328125 0.8328125 0.02734375 0.04375
5 0.77734375 0.83359375 0.0234375 0.04140625
5 0.51171875 0.8328125 0.0234375 0.04375
5 0.8859375 0.83359375 0.0234375 0.04140625
3 0.54375 0.82890625 0.02734375 0.0625
1 0.74609375 0.8359375 0.01796875 0.0640625
2 0.7 0.8328125 0.02109375 0.0625
9 0.61953125 0.83203125 0.0203125 0.06015625
2 0.465625 0.8328125 0.01875 0.0546875