0 0.8203125 0.8390625 0.0140625 0.028125
0 0.61640625 0.83984375 0.015625 0.03359375
1 0.85078125 0.8328125 0.01796875 0.05859375
1 0.6625 0.8328125 0.015625 0.06953125
1 0.959375 0.828125 0.01640625 0.06015625
1 0.58515625 0.8359375 0.01796875 0.0640625
1 0.740625 0.83515625 0.01640625 0.0625
5 0.771875 0.8328125 0.02265625 0.04375
2 0.88203125 0.83125 0.0234375 0.0546875
7 0.5078125 0.8328125 0.0296875 0.06640625
2 0.4625 0.83515625 0.02265625 0.06640625
6 0.5390625 0.83359375 0.02265625 0.0640625
9 0.69453125 0.83125 0.0203125 0.06640625
7 0.9265625 0.83046875 0.02734375 0.06796875