0 0.66015625 0.83671875 0.015625 0.0359375
0 0.5828125 0.83515625 0.02265625 0.046875
1 0.690625 0.83203125 0.0140625 0.06796875
1 0.7375 0.83359375 0.0203125 0.06796875
1 0.84375 0.8359375 0.01875 0.0640625
1 0.81328125 0.8328125 0.0234375 0.06640625
6 0.76796875 0.83125 0.0265625 0.06640625
1 0.6140625 0.8265625 0.0234375 0.06796875
2 0.4640625 0.8265625 0.02734375 0.07578125
9 0.95078125 0.8359375 0.02265625 0.06015625
7 0.53828125 0.82265625 0.0265625 0.0828125
2 0.9203125 0.8375 0.0265625 0.06796875
7 0.50546875 0.821875 0.0296875 0.08125
7 0.875 0.8359375 0.02890625 0.071875