0 0.65 0.87890625 0.0140625 0.0375
0 0.83671875 0.8859375 0.01640625 0.04375
0 0.8046875 0.88515625 0.0140625 0.0375
1 0.5734375 0.86875 0.015625 0.0734375
1 0.9140625 0.88671875 0.01796875 0.071875
1 0.72734375 0.87578125 0.01640625 0.071875
2 0.52890625 0.86484375 0.02265625 0.06640625
5 0.75859375 0.87578125 0.0265625 0.04921875
2 0.453125 0.8609375 0.02265625 0.0734375
8 0.496875 0.85859375 0.0296875 0.0828125
2 0.60625 0.86796875 0.0265625 0.06796875
9 0.94375 0.88203125 0.02109375 0.06953125
2 0.86875 0.88359375 0.02265625 0.06640625
2 0.68125 0.87421875 0.02109375 0.06953125