5 0.74765625 0.83203125 0.0265625 0.04921875
0 0.7984375 0.8390625 0.0140625 0.028125
0 0.83125 0.83984375 0.0140625 0.03046875
0 0.54609375 0.8359375 0.01171875 0.0375
1 0.7140625 0.8328125 0.0203125 0.0734375
0 0.63046875 0.8375 0.01328125 0.04921875
5 0.86640625 0.8328125 0.02734375 0.03984375
2 0.66640625 0.83203125 0.02265625 0.071875
2 0.4171875 0.8234375 0.025 0.07734375
2 0.9484375 0.828125 0.025 0.05625
9 0.915625 0.82890625 0.0265625 0.0625
7 0.58125 0.82890625 0.0265625 0.07734375
2 0.49921875 0.8265625 0.0203125 0.07578125
8 0.4640625 0.82265625 0.02734375 0.07890625