0 0.86015625 0.8390625 0.01796875 0.028125
0 0.828125 0.8390625 0.015625 0.028125
1 0.96484375 0.82578125 0.015625 0.05859375
0 0.59375 0.84609375 0.0140625 0.03203125
5 0.93515625 0.8265625 0.02265625 0.04140625
1 0.88984375 0.83125 0.01796875 0.05859375
1 0.74921875 0.83671875 0.01796875 0.0625
5 0.78125 0.8328125 0.0234375 0.03984375
9 0.70234375 0.83203125 0.02109375 0.06015625
2 0.4703125 0.84453125 0.02109375 0.06953125
2 0.671875 0.83671875 0.0203125 0.0625
3 0.62421875 0.8375 0.02734375 0.0640625
8 0.515625 0.83984375 0.0265625 0.06796875
3 0.54765625 0.83671875 0.0265625 0.0625