0 0.5984375 0.82578125 0.0140625 0.028125
9 0.9765625 0.8109375 0.01796875 0.05625
0 0.86796875 0.821875 0.0140625 0.02421875
0 0.83515625 0.81953125 0.01328125 0.02421875
2 0.47109375 0.82109375 0.02109375 0.06796875
1 0.7546875 0.81796875 0.01875 0.0625
5 0.78671875 0.81484375 0.02109375 0.04140625
1 0.63125 0.81796875 0.01640625 0.0625
9 0.9453125 0.8109375 0.02109375 0.05625
9 0.70859375 0.8125 0.0203125 0.0546875
3 0.5515625 0.81640625 0.0234375 0.0625
2 0.6765625 0.81640625 0.02109375 0.05859375
8 0.51875 0.81484375 0.02734375 0.0640625
2 0.8984375 0.81328125 0.0203125 0.05625