0 0.68671875 0.83046875 0.02109375 0.03359375
0 0.615625 0.83671875 0.01640625 0.03203125
1 0.7609375 0.82109375 0.01640625 0.053125
3 0.7171875 0.821875 0.02734375 0.05859375
5 0.88671875 0.81015625 0.01875 0.0359375
0 0.83203125 0.821875 0.0140625 0.028125
1 0.64375 0.82734375 0.02109375 0.06640625
4 0.92890625 0.80625 0.0140625 0.05859375
2 0.49609375 0.8375 0.025 0.06796875
3 0.9546875 0.80390625 0.02109375 0.05625
8 0.53984375 0.83203125 0.02734375 0.0640625
3 0.57265625 0.83203125 0.0265625 0.06015625
6 0.7875 0.81640625 0.0203125 0.05859375
2 0.85859375 0.81015625 0.01796875 0.0546875