0 0.8515625 0.46484375 0.0171875 0.02265625
0 0.61640625 0.4625 0.015625 0.02421875
1 0.8828125 0.45859375 0.01953125 0.05
5 0.9140625 0.4578125 0.021875 0.03359375
1 0.646875 0.45625 0.01875 0.05390625
1 0.771875 0.459375 0.01953125 0.05390625
3 0.57109375 0.4546875 0.02578125 0.053125
2 0.49609375 0.4546875 0.0234375 0.05390625
8 0.9890625 0.45546875 0.0203125 0.046875
6 0.725 0.45390625 0.02734375 0.0515625
5 0.80390625 0.45625 0.0234375 0.0359375
8 0.5390625 0.4546875 0.02578125 0.0578125
2 0.69375 0.4546875 0.0234375 0.0515625
6 0.959375 0.45625 0.025 0.04921875