0 0.5859375 0.840625 0.0140625 0.03203125
0 0.846875 0.8421875 0.01328125 0.02421875
2 0.95390625 0.8359375 0.02109375 0.06015625
5 0.9234375 0.8359375 0.02109375 0.0375
5 0.77109375 0.83359375 0.02265625 0.0375
4 0.87734375 0.8375 0.0140625 0.05625
1 0.6171875 0.8328125 0.015625 0.0625
0 0.8171875 0.84140625 0.01328125 0.0265625
1 0.740625 0.83515625 0.01640625 0.05859375
5 0.69375 0.83203125 0.02109375 0.0375
2 0.66171875 0.83125 0.02109375 0.06640625
7 0.50625 0.828125 0.02890625 0.071875
2 0.46328125 0.83203125 0.0234375 0.071875
7 0.5390625 0.83046875 0.025 0.071875