0 0.68359375 0.82421875 0.01875 0.03046875
0 0.6015625 0.82734375 0.01875 0.03203125
4 0.98828125 0.81875 0.01875 0.05625
0 0.846875 0.82421875 0.01796875 0.0265625
1 0.7640625 0.82109375 0.01640625 0.06796875
2 0.47265625 0.821875 0.02109375 0.06640625
5 0.796875 0.81640625 0.025 0.04375
3 0.715625 0.81875 0.02890625 0.06015625
9 0.95625 0.81640625 0.025 0.05859375
1 0.878125 0.8171875 0.015625 0.06015625
2 0.63359375 0.82109375 0.025 0.06796875
3 0.55390625 0.81875 0.02734375 0.0640625
8 0.5203125 0.81875 0.02890625 0.0640625
7 0.90859375 0.8140625 0.0296875 0.06640625