0 0.79296875 0.85390625 0.02109375 0.03203125
0 0.546875 0.84609375 0.015625 0.028125
1 0.82734375 0.8515625 0.02109375 0.06640625
1 0.7109375 0.846875 0.01875 0.0640625
1 0.6625 0.84453125 0.02265625 0.05859375
1 0.94296875 0.85078125 0.01640625 0.05625
5 0.74375 0.8453125 0.0265625 0.0453125
3 0.628125 0.84140625 0.02734375 0.06796875
3 0.57890625 0.840625 0.02890625 0.0625
4 0.909375 0.8515625 0.01640625 0.0625
2 0.41875 0.8359375 0.01875 0.06796875
3 0.8609375 0.84921875 0.02734375 0.0640625
8 0.46484375 0.8375 0.025 0.06796875
2 0.49765625 0.83984375 0.02109375 0.0640625