0 0.8109375 0.8578125 0.01171875 0.02421875
0 0.6859375 0.85625 0.01328125 0.03046875
0 0.87109375 0.85625 0.0109375 0.0265625
0 0.58203125 0.85625 0.01171875 0.0375
1 0.73359375 0.85078125 0.01640625 0.0640625
1 0.65703125 0.85078125 0.01640625 0.0640625
5 0.91796875 0.85 0.01875 0.0359375
4 0.946875 0.85078125 0.01328125 0.05625
2 0.6125 0.85 0.0203125 0.0625
5 0.76328125 0.84921875 0.01875 0.04140625
2 0.4609375 0.8515625 0.015625 0.06953125
7 0.5046875 0.8484375 0.0265625 0.06953125
2 0.84140625 0.8484375 0.0203125 0.0546875
7 0.5359375 0.84921875 0.0234375 0.071875