1 0.9765625 0.828125 0.01875 0.0828125
0 0.8609375 0.83046875 0.01796875 0.0640625
5 0.77890625 0.82265625 0.02734375 0.05625
1 0.9421875 0.82734375 0.0203125 0.08125
0 0.69765625 0.828125 0.01640625 0.0453125
0 0.82890625 0.82890625 0.0203125 0.05859375
0 0.58359375 0.82734375 0.01796875 0.04375
9 0.89375 0.82265625 0.02265625 0.09453125
1 0.746875 0.82578125 0.02265625 0.07734375
2 0.45546875 0.82265625 0.02265625 0.0828125
1 0.6640625 0.821875 0.02109375 0.07734375
2 0.5359375 0.8171875 0.0203125 0.071875
8 0.5015625 0.81875 0.02734375 0.08671875
6 0.6140625 0.81796875 0.0234375 0.07734375