1 0.62578125 0.81640625 0.0203125 0.07734375
0 0.83046875 0.82734375 0.01796875 0.03984375
0 0.5421875 0.821875 0.0203125 0.046875
2 0.66171875 0.8171875 0.02890625 0.071875
0 0.79765625 0.82578125 0.01640625 0.0359375
1 0.575 0.8125 0.0234375 0.07734375
1 0.7109375 0.81796875 0.0203125 0.0734375
2 0.409375 0.81328125 0.02890625 0.07890625
5 0.7453125 0.81640625 0.02890625 0.05078125
9 0.865625 0.81953125 0.0265625 0.0625
4 0.91640625 0.821875 0.02265625 0.0625
7 0.45703125 0.80546875 0.03359375 0.09453125
7 0.49375 0.8078125 0.0296875 0.090625
9 0.9484375 0.81875 0.025 0.0640625