0 0.93671875 0.8609375 0.0234375 0.03203125
0 0.85 0.859375 0.0234375 0.03203125
0 0.815625 0.8578125 0.02109375 0.028125
0 0.55859375 0.85 0.0203125 0.03203125
1 0.97109375 0.853125 0.0265625 0.0640625
5 0.7640625 0.84921875 0.02734375 0.0453125
1 0.72890625 0.85078125 0.02265625 0.0640625
6 0.59296875 0.84140625 0.03125 0.06015625
3 0.8859375 0.8515625 0.034375 0.0625
3 0.68046875 0.846875 0.03203125 0.06015625
2 0.64375 0.8453125 0.0265625 0.0640625
2 0.4265625 0.840625 0.0203125 0.06640625
2 0.5109375 0.84140625 0.0265625 0.0640625
8 0.47578125 0.83984375 0.02734375 0.0640625