0 0.84921875 0.81015625 0.015625 0.0359375
0 0.690625 0.8125 0.01640625 0.0359375
1 0.7671875 0.80546875 0.01796875 0.071875
2 0.990625 0.8015625 0.01875 0.0640625
1 0.61171875 0.809375 0.01875 0.071875
5 0.8 0.803125 0.0234375 0.046875
2 0.4890625 0.81015625 0.0203125 0.06953125
1 0.9125 0.8046875 0.01796875 0.0625
8 0.53359375 0.80390625 0.02734375 0.071875
2 0.959375 0.8046875 0.0265625 0.06953125
2 0.565625 0.80625 0.0234375 0.06953125
2 0.72109375 0.80546875 0.025 0.071875
2 0.64375 0.80546875 0.0296875 0.06796875
2 0.88046875 0.803125 0.02265625 0.06640625