0 0.6234375 0.86328125 0.01328125 0.0359375
0 0.8578125 0.85859375 0.015625 0.03359375
2 0.49921875 0.85390625 0.025 0.06640625
1 0.78046875 0.85 0.01796875 0.0625
5 0.81328125 0.84921875 0.0234375 0.04921875
5 0.73359375 0.8484375 0.02109375 0.03984375
1 0.890625 0.846875 0.0140625 0.06015625
2 0.9515625 0.84375 0.02109375 0.06015625
2 0.98125 0.8421875 0.0203125 0.05859375
8 0.54609375 0.85390625 0.0265625 0.06953125
2 0.57890625 0.85390625 0.02265625 0.06640625
6 0.9203125 0.8421875 0.02109375 0.0625
2 0.70234375 0.85 0.02109375 0.06640625
3 0.65546875 0.85078125 0.025 0.06796875