0 0.7984375 0.85546875 0.0203125 0.0359375
0 0.64453125 0.853125 0.015625 0.0375
4 0.9390625 0.853125 0.015625 0.0640625
1 0.6765625 0.84375 0.0203125 0.06796875
1 0.5703125 0.84140625 0.02109375 0.071875
8 0.49375 0.8328125 0.03203125 0.07734375
2 0.528125 0.8390625 0.02734375 0.06640625
2 0.45078125 0.8375 0.02265625 0.06796875
8 0.75234375 0.8453125 0.02890625 0.0640625
9 0.86328125 0.84609375 0.0234375 0.06640625
2 0.9078125 0.84609375 0.02265625 0.06640625
1 0.721875 0.8421875 0.015625 0.06640625
2 0.6015625 0.8421875 0.02734375 0.06640625
8 0.82890625 0.84609375 0.02890625 0.05859375