0 0.8609375 0.8328125 0.01796875 0.028125
0 0.82890625 0.83203125 0.0203125 0.03359375
5 0.74765625 0.821875 0.0265625 0.04375
0 0.55546875 0.82265625 0.01328125 0.03046875
0 0.796875 0.83125 0.015625 0.02421875
0 0.634375 0.82421875 0.01640625 0.03046875
4 0.94609375 0.83046875 0.02109375 0.06796875
8 0.9109375 0.828125 0.03125 0.05625
1 0.71640625 0.82265625 0.01796875 0.0640625
5 0.4765625 0.8109375 0.0234375 0.04140625
3 0.509375 0.8125 0.0265625 0.0546875
2 0.43125 0.8109375 0.02109375 0.05625
8 0.6671875 0.8171875 0.0296875 0.05625
6 0.58671875 0.81328125 0.0234375 0.06015625