1 0.69609375 0.83984375 0.01640625 0.05625
0 0.81875 0.846875 0.01171875 0.0265625
1 0.74140625 0.83984375 0.0140625 0.05625
7 0.95390625 0.8390625 0.02265625 0.05859375
5 0.77265625 0.8390625 0.02109375 0.03984375
0 0.58828125 0.84375 0.009375 0.0265625
7 0.92421875 0.84140625 0.02265625 0.0640625
8 0.87890625 0.8375 0.025 0.05625
5 0.5109375 0.83359375 0.01875 0.0375
2 0.46640625 0.83203125 0.01796875 0.053125
5 0.61875 0.8359375 0.01875 0.0375
4 0.5421875 0.83515625 0.01328125 0.05859375
3 0.66484375 0.8359375 0.02265625 0.053125