0 0.82421875 0.85546875 0.01328125 0.03203125
0 0.85546875 0.8546875 0.01796875 0.03359375
4 0.8859375 0.84921875 0.01875 0.06796875
1 0.9640625 0.846875 0.01640625 0.071875
5 0.77578125 0.84921875 0.02265625 0.0453125
1 0.74375 0.8515625 0.01640625 0.06953125
5 0.51015625 0.85 0.025 0.046875
1 0.6640625 0.853125 0.01640625 0.071875
2 0.696875 0.85 0.02265625 0.06640625
2 0.46484375 0.84921875 0.02265625 0.0640625
2 0.934375 0.8453125 0.01875 0.06796875
4 0.54140625 0.84921875 0.0203125 0.071875
2 0.61875 0.85078125 0.0234375 0.07578125