0 0.8234375 0.83671875 0.0140625 0.02421875
0 0.8546875 0.83359375 0.01171875 0.02265625
7 0.95859375 0.82578125 0.02265625 0.0546875
5 0.7796875 0.83125 0.0234375 0.03984375
0 0.59375 0.846875 0.01171875 0.03046875
4 0.625 0.8390625 0.01640625 0.05859375
1 0.7484375 0.8359375 0.01796875 0.06796875
1 0.67109375 0.83671875 0.015625 0.0625
5 0.92890625 0.82578125 0.0203125 0.0359375
3 0.884375 0.82578125 0.0234375 0.05078125
8 0.70234375 0.8328125 0.0265625 0.0625
2 0.47109375 0.84453125 0.02265625 0.06953125
3 0.5484375 0.8390625 0.025 0.0625
8 0.51640625 0.84140625 0.025 0.06796875