0 0.83671875 0.83984375 0.01875 0.03046875
0 0.80234375 0.8390625 0.0140625 0.028125
1 0.6390625 0.83203125 0.01796875 0.06015625
5 0.753125 0.83125 0.02734375 0.04375
1 0.9515625 0.83203125 0.01796875 0.0640625
1 0.72109375 0.83359375 0.0203125 0.0640625
8 0.91875 0.82734375 0.0296875 0.05859375
1 0.55625 0.83125 0.02109375 0.0625
1 0.5890625 0.83125 0.01640625 0.0625
2 0.50703125 0.83046875 0.0234375 0.0640625
3 0.67109375 0.828125 0.02734375 0.0640625
7 0.86953125 0.83203125 0.02734375 0.06015625
8 0.47265625 0.828125 0.02890625 0.06796875
2 0.42578125 0.83046875 0.02265625 0.071875