0 0.59140625 0.83515625 0.01171875 0.02421875
0 0.8234375 0.83046875 0.015625 0.0265625
0 0.92890625 0.8265625 0.01640625 0.03046875
5 0.69921875 0.82578125 0.02265625 0.03984375
1 0.66796875 0.83046875 0.01640625 0.0640625
1 0.74453125 0.828125 0.0203125 0.0640625
3 0.62109375 0.828125 0.0265625 0.0640625
5 0.7765625 0.8234375 0.0234375 0.03984375
1 0.85234375 0.8234375 0.01875 0.0625
3 0.54609375 0.82734375 0.02265625 0.05859375
2 0.46953125 0.83125 0.0203125 0.0625
8 0.959375 0.81875 0.02890625 0.05625
8 0.88359375 0.81953125 0.0265625 0.05859375
8 0.5140625 0.828125 0.0234375 0.06015625