0 0.8109375 0.871875 0.01328125 0.03046875
0 0.68671875 0.86953125 0.0140625 0.03359375
0 0.91640625 0.871875 0.0140625 0.03046875
0 0.57890625 0.8671875 0.01875 0.05078125
1 0.84140625 0.8640625 0.015625 0.07578125
1 0.7328125 0.8609375 0.01796875 0.0734375
1 0.65625 0.8609375 0.0203125 0.0734375
5 0.76484375 0.8609375 0.025 0.046875
2 0.4578125 0.85625 0.025 0.07578125
2 0.61171875 0.8578125 0.0234375 0.0625
2 0.946875 0.86015625 0.01796875 0.06796875
9 0.871875 0.86015625 0.0203125 0.06796875
7 0.5015625 0.85078125 0.02890625 0.08671875
7 0.534375 0.85078125 0.02890625 0.090625