0 0.85234375 0.84453125 0.01640625 0.03203125
0 0.69609375 0.8453125 0.01796875 0.03359375
0 0.6140625 0.84453125 0.0203125 0.03203125
1 0.8828125 0.83671875 0.015625 0.06640625
1 0.98828125 0.83359375 0.0140625 0.06015625
5 0.95859375 0.83359375 0.0234375 0.04140625
2 0.4875 0.83515625 0.02265625 0.0734375
1 0.7734375 0.8390625 0.01875 0.06953125
4 0.7265625 0.84140625 0.0203125 0.0640625
5 0.80546875 0.8359375 0.02265625 0.04921875
6 0.91171875 0.83359375 0.0234375 0.0640625
4 0.64765625 0.8390625 0.02109375 0.0625
8 0.534375 0.83203125 0.03125 0.071875
2 0.56875 0.83359375 0.02734375 0.0640625