0 0.66171875 0.85 0.01640625 0.03203125
0 0.8140625 0.84375 0.01328125 0.0265625
5 0.9203125 0.83359375 0.0234375 0.04140625
1 0.84453125 0.83671875 0.015625 0.05859375
1 0.87421875 0.8359375 0.015625 0.05625
5 0.76796875 0.8390625 0.0234375 0.03984375
3 0.95 0.83125 0.0265625 0.0625
1 0.5875 0.84609375 0.01796875 0.05859375
1 0.73671875 0.8421875 0.01640625 0.0625
1 0.61796875 0.84609375 0.01640625 0.0625
8 0.6921875 0.83984375 0.0296875 0.053125
2 0.46875 0.85 0.02265625 0.0625
2 0.54375 0.846875 0.02109375 0.06015625
8 0.51171875 0.846875 0.0265625 0.0640625