0 0.83671875 0.828125 0.0140625 0.0265625
1 0.67578125 0.82109375 0.015625 0.0640625
2 0.98203125 0.821875 0.01875 0.0625
1 0.86875 0.82109375 0.01640625 0.06015625
2 0.47109375 0.8234375 0.02265625 0.0734375
1 0.59609375 0.82421875 0.01640625 0.0640625
7 0.9015625 0.82109375 0.02890625 0.0640625
2 0.55078125 0.8234375 0.02265625 0.06640625
3 0.9484375 0.821875 0.0265625 0.0625
5 0.7890625 0.82109375 0.02265625 0.04140625
2 0.628125 0.82265625 0.02265625 0.06015625
1 0.75625 0.82421875 0.01875 0.0640625
9 0.70859375 0.81875 0.01875 0.0640625
8 0.515625 0.82109375 0.02890625 0.07578125