0 0.82421875 0.83515625 0.015625 0.03203125
1 0.7015625 0.8328125 0.0140625 0.0734375
0 0.6703125 0.83984375 0.01171875 0.0375
0 0.59453125 0.8421875 0.0109375 0.0359375
1 0.85390625 0.82578125 0.015625 0.0625
5 0.77734375 0.82890625 0.02109375 0.046875
1 0.88515625 0.82578125 0.015625 0.0625
1 0.74609375 0.83203125 0.015625 0.06796875
9 0.9609375 0.821875 0.0203125 0.05859375
2 0.4734375 0.8375 0.01875 0.07890625
3 0.6234375 0.8328125 0.02109375 0.06953125
8 0.5171875 0.83671875 0.02265625 0.07734375
2 0.93125 0.828125 0.02109375 0.071875
2 0.55 0.83671875 0.01875 0.0734375