0 0.596875 0.81953125 0.015625 0.0359375
0 0.6765625 0.81875 0.01328125 0.03359375
0 0.8390625 0.81953125 0.0140625 0.02421875
0 0.87109375 0.81953125 0.01328125 0.028125
5 0.7890625 0.8125 0.0234375 0.04375
9 0.62890625 0.81015625 0.0234375 0.0625
6 0.70859375 0.809375 0.0265625 0.05625
1 0.75625 0.8140625 0.0203125 0.0625
5 0.98203125 0.80625 0.01875 0.03984375
2 0.46953125 0.81484375 0.0203125 0.06796875
6 0.54765625 0.8109375 0.02109375 0.06796875
6 0.90234375 0.81015625 0.0234375 0.05859375
6 0.9484375 0.81015625 0.02109375 0.05859375
7 0.515625 0.8125 0.02890625 0.06640625