0 0.5765625 0.83359375 0.0140625 0.03046875
0 0.80390625 0.83125 0.01796875 0.028125
0 0.6515625 0.83203125 0.015625 0.03359375
7 0.8640625 0.82109375 0.02734375 0.0640625
8 0.94296875 0.82109375 0.0265625 0.05625
1 0.83359375 0.8234375 0.01640625 0.0625
2 0.45625 0.82890625 0.0203125 0.06953125
5 0.7578125 0.8234375 0.025 0.04375
1 0.7265625 0.82734375 0.0203125 0.0625
6 0.68046875 0.821875 0.02265625 0.06640625
7 0.91015625 0.82265625 0.025 0.06796875
8 0.5 0.828125 0.0234375 0.06796875
2 0.60625 0.82578125 0.02109375 0.06640625
2 0.53046875 0.82890625 0.0203125 0.06640625