0 0.86015625 0.83515625 0.015625 0.0359375
3 0.93125 0.82265625 0.02109375 0.05625
0 0.83125 0.83359375 0.01796875 0.03359375
7 0.95859375 0.82109375 0.0234375 0.05625
0 0.6109375 0.8390625 0.01171875 0.03203125
6 0.8890625 0.8234375 0.0234375 0.05859375
5 0.53359375 0.8328125 0.02265625 0.04375
1 0.7578125 0.83046875 0.0203125 0.06015625
2 0.6859375 0.83203125 0.01875 0.06015625
5 0.7890625 0.82734375 0.02265625 0.03984375
6 0.7140625 0.828125 0.0234375 0.06015625
4 0.64140625 0.8328125 0.015625 0.0625
2 0.49140625 0.83203125 0.0203125 0.05625
4 0.565625 0.83203125 0.01640625 0.06015625