0 0.67265625 0.828125 0.01875 0.03359375
0 0.5875 0.828125 0.02265625 0.0453125
0 0.84140625 0.82734375 0.015625 0.028125
9 0.9890625 0.81484375 0.01796875 0.06015625
1 0.70703125 0.81875 0.01875 0.06015625
1 0.7578125 0.81953125 0.01796875 0.0625
2 0.45390625 0.81875 0.02265625 0.0640625
9 0.62109375 0.82109375 0.025 0.07890625
5 0.79140625 0.81796875 0.025 0.046875
6 0.90546875 0.81640625 0.025 0.05859375
2 0.8734375 0.8171875 0.0203125 0.06015625
6 0.5359375 0.81875 0.0265625 0.071875
5 0.95546875 0.81484375 0.0203125 0.0375
7 0.50234375 0.81875 0.03359375 0.06796875