0 0.5671875 0.83203125 0.01328125 0.0265625
0 0.7828125 0.81953125 0.01328125 0.028125
1 0.809375 0.81015625 0.0140625 0.0546875
4 0.5953125 0.82421875 0.01640625 0.05625
2 0.8765625 0.80546875 0.02265625 0.06015625
1 0.7109375 0.81953125 0.01875 0.0625
1 0.6375 0.821875 0.015625 0.0625
5 0.73984375 0.81328125 0.01796875 0.0375
2 0.521875 0.8265625 0.0203125 0.06015625
3 0.8359375 0.80859375 0.02265625 0.05078125
8 0.4921875 0.828125 0.02265625 0.0640625
7 0.66640625 0.82109375 0.025 0.0640625
6 0.903125 0.8015625 0.0203125 0.053125
2 0.44921875 0.83046875 0.01796875 0.0640625