0 0.8109375 0.85078125 0.01796875 0.03046875
0 0.8734375 0.84921875 0.0140625 0.03046875
0 0.9203125 0.84921875 0.01640625 0.03046875
0 0.57734375 0.8546875 0.0140625 0.0375
9 0.9515625 0.8390625 0.0265625 0.0546875
1 0.68515625 0.846875 0.01796875 0.0640625
5 0.7640625 0.84453125 0.025 0.04375
1 0.73125 0.8453125 0.01796875 0.06015625
2 0.45859375 0.8453125 0.01875 0.06796875
2 0.84140625 0.84375 0.02109375 0.0640625
2 0.65390625 0.846875 0.0234375 0.06796875
2 0.6078125 0.846875 0.02265625 0.0640625
7 0.49921875 0.84453125 0.02734375 0.0734375
7 0.53125 0.8453125 0.025 0.07578125