0 0.84609375 0.84140625 0.01328125 0.03046875
0 0.590625 0.84609375 0.01171875 0.028125
0 0.81640625 0.840625 0.01328125 0.028125
1 0.740625 0.8390625 0.01875 0.05859375
5 0.7703125 0.83359375 0.02109375 0.04140625
1 0.6203125 0.83984375 0.0140625 0.06015625
6 0.91953125 0.82890625 0.02265625 0.05859375
2 0.471875 0.8421875 0.01796875 0.06640625
5 0.6953125 0.8359375 0.02109375 0.04140625
1 0.66484375 0.8375 0.015625 0.06015625
6 0.95078125 0.82890625 0.0203125 0.06640625
8 0.5140625 0.84375 0.02265625 0.06796875
2 0.5453125 0.840625 0.01875 0.05859375
7 0.8765625 0.8328125 0.0265625 0.06640625