1 0.87109375 0.83203125 0.0203125 0.05625
0 0.809375 0.8375 0.01640625 0.03046875
1 0.840625 0.83203125 0.0140625 0.05625
4 0.9484375 0.83046875 0.01796875 0.053125
1 0.65234375 0.8359375 0.01875 0.071875
6 0.91875 0.828125 0.0234375 0.06015625
5 0.76328125 0.8328125 0.02109375 0.04375
2 0.684375 0.8390625 0.0234375 0.05859375
1 0.73046875 0.83515625 0.01796875 0.0625
9 0.6046875 0.83671875 0.02109375 0.07734375
0 0.57265625 0.8453125 0.0234375 0.04921875
2 0.4484375 0.83984375 0.02109375 0.071875
7 0.4953125 0.83515625 0.03125 0.06953125
6 0.5265625 0.83671875 0.0234375 0.06953125