0 0.8140625 0.846875 0.015625 0.03046875
1 0.95 0.83671875 0.0140625 0.05859375
0 0.58203125 0.8453125 0.01171875 0.03359375
1 0.84453125 0.840625 0.01796875 0.06640625
1 0.65859375 0.8375 0.01796875 0.0640625
5 0.7671875 0.8375 0.02265625 0.04140625
1 0.7359375 0.8421875 0.01640625 0.0625
4 0.91875 0.8375 0.0140625 0.06015625
6 0.6890625 0.8375 0.02109375 0.06015625
2 0.4609375 0.83671875 0.01875 0.0734375
3 0.875 0.83671875 0.0234375 0.0625
2 0.6140625 0.83671875 0.02265625 0.0625
2 0.5359375 0.8375 0.0203125 0.0640625
8 0.50390625 0.8375 0.025 0.071875