0 0.88671875 0.8234375 0.0140625 0.03203125
0 0.83046875 0.82265625 0.01328125 0.03359375
1 0.85859375 0.8171875 0.01796875 0.0640625
1 0.6859375 0.80625 0.01171875 0.06640625
1 0.75859375 0.81328125 0.01796875 0.0640625
5 0.7875 0.81015625 0.02265625 0.046875
3 0.71484375 0.8046875 0.02265625 0.06640625
6 0.92890625 0.8140625 0.02265625 0.06640625
5 0.540625 0.79921875 0.02109375 0.05078125
7 0.9578125 0.81484375 0.02265625 0.06796875
2 0.49765625 0.8 0.01875 0.071875
3 0.56953125 0.8 0.02265625 0.0640625
7 0.64140625 0.80390625 0.0234375 0.07578125