0 0.83359375 0.8546875 0.01796875 0.03046875
0 0.80234375 0.85390625 0.01640625 0.03203125
2 0.94453125 0.84453125 0.025 0.05859375
1 0.6 0.84453125 0.01640625 0.05859375
1 0.7234375 0.85 0.01875 0.0625
5 0.75625 0.84609375 0.025 0.04375
1 0.56875 0.8453125 0.015625 0.05625
4 0.91171875 0.8484375 0.01875 0.0625
1 0.6453125 0.84375 0.0140625 0.06015625
9 0.67734375 0.84140625 0.01875 0.06015625
3 0.521875 0.84140625 0.02265625 0.05625
3 0.86640625 0.84921875 0.02890625 0.06796875
5 0.48984375 0.840625 0.0203125 0.03984375
2 0.44453125 0.83984375 0.01796875 0.06015625