0 0.6609375 0.840625 0.01171875 0.028125
5 0.76796875 0.8328125 0.0265625 0.04375
1 0.73671875 0.83515625 0.01640625 0.0625
0 0.5828125 0.8375 0.0109375 0.03046875
0 0.8140625 0.8421875 0.01171875 0.02421875
2 0.921875 0.83671875 0.02265625 0.0625
0 0.84375 0.84375 0.01171875 0.0265625
5 0.8765625 0.8359375 0.02109375 0.04140625
5 0.5078125 0.82578125 0.02265625 0.04375
1 0.953125 0.8390625 0.015625 0.05859375
1 0.69140625 0.8328125 0.0140625 0.0625
3 0.5390625 0.8265625 0.025 0.06015625
2 0.46328125 0.828125 0.01875 0.0640625
7 0.61328125 0.83046875 0.02109375 0.06796875