0 0.66640625 0.8390625 0.0109375 0.03203125
0 0.8234375 0.83515625 0.015625 0.03203125
0 0.58671875 0.83984375 0.01171875 0.03359375
1 0.696875 0.83203125 0.015625 0.06796875
1 0.853125 0.82578125 0.015625 0.06640625
1 0.74296875 0.83125 0.01640625 0.06640625
5 0.77421875 0.828125 0.02265625 0.0453125
4 0.93046875 0.82734375 0.02265625 0.05859375
8 0.88359375 0.82265625 0.02734375 0.05625
2 0.540625 0.83203125 0.01875 0.06796875
2 0.46328125 0.83359375 0.01875 0.07578125
3 0.6171875 0.83203125 0.02265625 0.06796875
8 0.5078125 0.83125 0.025 0.0734375
6 0.959375 0.81953125 0.0234375 0.0625