0 0.86328125 0.8375 0.0140625 0.0265625
0 0.83125 0.8375 0.0140625 0.03046875
0 0.70390625 0.8375 0.01328125 0.03046875
1 0.8953125 0.83046875 0.01640625 0.05625
1 0.7515625 0.83203125 0.015625 0.0640625
1 0.59296875 0.83203125 0.0140625 0.06015625
5 0.7828125 0.83046875 0.02265625 0.04140625
9 0.96953125 0.82734375 0.0203125 0.05859375
9 0.940625 0.828125 0.02109375 0.05625
5 0.5140625 0.82890625 0.02109375 0.03984375
3 0.546875 0.82890625 0.025 0.05859375
2 0.67109375 0.83125 0.02265625 0.06640625
2 0.46796875 0.82890625 0.01640625 0.0546875
2 0.625 0.83203125 0.02109375 0.0640625