0 0.8359375 0.85546875 0.01171875 0.028125
0 0.63125 0.8421875 0.01171875 0.028125
1 0.7 0.83984375 0.01640625 0.05625
2 0.525 0.83046875 0.01875 0.0640625
1 0.76875 0.8484375 0.015625 0.0546875
1 0.86171875 0.85078125 0.0140625 0.05625
4 0.8890625 0.85078125 0.0140625 0.05625
5 0.7953125 0.84609375 0.01875 0.03984375
8 0.5625 0.8359375 0.0203125 0.0640625
8 0.65859375 0.8359375 0.025 0.053125
3 0.95546875 0.853125 0.0203125 0.06015625
2 0.59140625 0.83515625 0.02109375 0.0625
6 0.92890625 0.85 0.01875 0.05859375
6 0.7265625 0.84140625 0.01875 0.05625