0 0.5734375 0.8390625 0.01796875 0.03984375
0 0.8359375 0.84375 0.0109375 0.02265625
0 0.80625 0.84375 0.01171875 0.02265625
5 0.8671875 0.8375 0.0203125 0.0375
9 0.60546875 0.83046875 0.0203125 0.06015625
2 0.65078125 0.83359375 0.0203125 0.0640625
1 0.72890625 0.8375 0.01640625 0.06015625
5 0.75859375 0.83515625 0.0203125 0.03984375
7 0.49765625 0.8265625 0.02890625 0.06796875
2 0.453125 0.82734375 0.01796875 0.06640625
6 0.91328125 0.8375 0.02109375 0.05625
3 0.6828125 0.83359375 0.025 0.05625
8 0.94375 0.8359375 0.0234375 0.05625
6 0.52734375 0.82734375 0.02109375 0.06953125