0 0.6515625 0.81484375 0.01171875 0.03046875
0 0.8109375 0.8171875 0.01171875 0.03046875
0 0.84375 0.81953125 0.015625 0.02421875
0 0.57109375 0.8140625 0.0109375 0.03203125
1 0.73046875 0.81015625 0.01796875 0.0625
2 0.44609375 0.80859375 0.0203125 0.06640625
5 0.76171875 0.80859375 0.02109375 0.04375
4 0.6828125 0.8078125 0.01796875 0.06015625
3 0.95625 0.809375 0.025 0.06015625
2 0.92578125 0.8109375 0.025 0.0640625
8 0.49140625 0.8078125 0.0234375 0.0640625
7 0.8765625 0.8109375 0.0265625 0.0640625
5 0.603125 0.80546875 0.0203125 0.0453125
2 0.525 0.80625 0.02109375 0.06640625