0 0.84296875 0.78359375 0.01171875 0.028125
0 0.6328125 0.8109375 0.01328125 0.03359375
1 0.8703125 0.77578125 0.01171875 0.05625
1 0.7328125 0.7921875 0.015625 0.0640625
1 0.9609375 0.7640625 0.01328125 0.05625
1 0.7734375 0.7875 0.015625 0.06640625
4 0.6609375 0.79921875 0.015625 0.06640625
2 0.70390625 0.79453125 0.01796875 0.06015625
5 0.8015625 0.7828125 0.02109375 0.04140625
6 0.8953125 0.76953125 0.01875 0.05625
3 0.58984375 0.809375 0.02265625 0.0640625
2 0.5171875 0.81953125 0.01796875 0.06953125
8 0.559375 0.8109375 0.0234375 0.06796875
7 0.93515625 0.7671875 0.02265625 0.0625