0 0.68046875 0.82890625 0.01328125 0.028125
0 0.840625 0.82265625 0.0140625 0.0265625
2 0.55390625 0.82109375 0.01875 0.0640625
1 0.7609375 0.82265625 0.01875 0.0640625
8 0.98046875 0.80859375 0.02734375 0.0625
1 0.94921875 0.81328125 0.01796875 0.0640625
3 0.71171875 0.81953125 0.02890625 0.0625
8 0.52109375 0.82265625 0.025 0.071875
5 0.79296875 0.81796875 0.0234375 0.03984375
3 0.63203125 0.82109375 0.0234375 0.06015625
2 0.4734375 0.82265625 0.01875 0.071875
2 0.87109375 0.81484375 0.02265625 0.0640625
3 0.90390625 0.81328125 0.02890625 0.05625
0 0.60078125 0.83046875 0.01484375 0.02734375