0 0.86640625 0.82265625 0.01328125 0.02265625
0 0.60625 0.821875 0.01328125 0.03203125
0 0.834375 0.821875 0.01171875 0.02109375
5 0.528125 0.8140625 0.02265625 0.03984375
1 0.75859375 0.81640625 0.01796875 0.05859375
2 0.484375 0.8140625 0.02109375 0.05078125
5 0.7890625 0.81484375 0.02109375 0.04140625
8 0.971875 0.8109375 0.025 0.06015625
2 0.68046875 0.8140625 0.02265625 0.0625
6 0.6359375 0.81328125 0.0265625 0.05625
2 0.8953125 0.8140625 0.02109375 0.05859375
5 0.93984375 0.8109375 0.02265625 0.0453125
4 0.5609375 0.81484375 0.01640625 0.06015625