0 0.5890625 0.8484375 0.0140625 0.028125
0 0.66640625 0.84609375 0.015625 0.03203125
0 0.8203125 0.8421875 0.01640625 0.03203125
1 0.61953125 0.84140625 0.01796875 0.06015625
1 0.74453125 0.8359375 0.015625 0.06015625
4 0.69765625 0.83984375 0.01875 0.06015625
5 0.51015625 0.84140625 0.02265625 0.04140625
3 0.92578125 0.83125 0.02734375 0.0625
5 0.88203125 0.83359375 0.0265625 0.04140625
3 0.95625 0.83046875 0.025 0.06015625
3 0.85 0.83359375 0.0265625 0.0640625
4 0.5421875 0.840625 0.015625 0.06640625
6 0.7734375 0.83359375 0.025 0.06015625
2 0.465625 0.8421875 0.01875 0.05859375