1 0.8765625 0.8375 0.01796875 0.06015625
0 0.815625 0.84375 0.0140625 0.03046875
1 0.84609375 0.8375 0.015625 0.06015625
0 0.690625 0.84140625 0.0140625 0.03359375
1 0.7359375 0.83671875 0.01796875 0.0734375
4 0.9234375 0.84140625 0.01796875 0.06796875
1 0.58046875 0.83671875 0.015625 0.06953125
1 0.65859375 0.8359375 0.01796875 0.06796875
2 0.4578125 0.83203125 0.0203125 0.06796875
5 0.76875 0.83515625 0.025 0.04375
3 0.95390625 0.8359375 0.02734375 0.06015625
2 0.6140625 0.83359375 0.02890625 0.0640625
2 0.5359375 0.8328125 0.025 0.0625
8 0.50234375 0.83203125 0.0265625 0.07578125