0 0.79921875 0.828125 0.01328125 0.02265625
0 0.83046875 0.82890625 0.015625 0.02421875
0 0.5703125 0.81796875 0.01171875 0.028125
1 0.60078125 0.81484375 0.015625 0.05625
5 0.49375 0.809375 0.0265625 0.0453125
1 0.72265625 0.81796875 0.01875 0.05859375
4 0.5234375 0.8109375 0.01640625 0.06015625
5 0.75390625 0.81796875 0.02109375 0.03984375
9 0.6765625 0.8125 0.01640625 0.0546875
8 0.940625 0.8265625 0.0265625 0.05625
2 0.44921875 0.809375 0.02265625 0.06015625
4 0.8609375 0.82578125 0.01796875 0.05078125
2 0.64609375 0.8140625 0.0203125 0.05859375
3 0.90859375 0.8265625 0.025 0.06015625