0 0.85 0.82734375 0.01640625 0.028125
0 0.81953125 0.82734375 0.01328125 0.028125
1 0.9578125 0.81640625 0.01796875 0.0625
0 0.59375 0.83359375 0.01328125 0.04140625
5 0.7734375 0.81953125 0.02109375 0.04375
6 0.92421875 0.81328125 0.02265625 0.06015625
6 0.69765625 0.821875 0.0234375 0.0625
2 0.4734375 0.83046875 0.02265625 0.06015625
1 0.74375 0.82421875 0.0203125 0.0640625
5 0.51796875 0.83125 0.0234375 0.046875
6 0.62265625 0.82578125 0.0265625 0.0625
4 0.546875 0.83125 0.01796875 0.06640625
7 0.88125 0.81796875 0.0265625 0.06640625
2 0.66796875 0.82578125 0.02109375 0.0625