0 0.81953125 0.8328125 0.0203125 0.03203125
0 0.88125 0.83203125 0.02265625 0.03046875
0 0.8515625 0.83125 0.02109375 0.03984375
0 0.61875 0.83125 0.01875 0.0359375
1 0.74140625 0.8234375 0.02109375 0.06953125
1 0.66484375 0.821875 0.02265625 0.06640625
2 0.959375 0.81875 0.0265625 0.0640625
5 0.7734375 0.82265625 0.02890625 0.04921875
1 0.5890625 0.82421875 0.0203125 0.071875
2 0.696875 0.82265625 0.0296875 0.06796875
2 0.46875 0.82421875 0.0203125 0.06796875
7 0.5109375 0.821875 0.0296875 0.0625
6 0.54140625 0.821875 0.0234375 0.06640625
7 0.9265625 0.81953125 0.03203125 0.06640625