0 0.8546875 0.83984375 0.01171875 0.0265625
0 0.59453125 0.84375 0.0109375 0.03046875
4 0.703125 0.83515625 0.015625 0.05859375
1 0.7484375 0.83515625 0.01640625 0.0625
5 0.77890625 0.83359375 0.02109375 0.04140625
5 0.51640625 0.83359375 0.02109375 0.04140625
7 0.62578125 0.83515625 0.025 0.06640625
5 0.95859375 0.828125 0.0203125 0.0375
3 0.5484375 0.8328125 0.0234375 0.05859375
9 0.92890625 0.83046875 0.01875 0.053125
2 0.671875 0.83515625 0.0203125 0.05859375
2 0.47109375 0.83203125 0.01796875 0.05625
2 0.88515625 0.83125 0.0203125 0.0546875