0 0.825 0.82578125 0.01171875 0.028125
0 0.59609375 0.83125 0.015625 0.03203125
4 0.7015625 0.82265625 0.01796875 0.06015625
1 0.7484375 0.82109375 0.01796875 0.06796875
1 0.85390625 0.81640625 0.015625 0.05859375
3 0.9609375 0.8125 0.025 0.05859375
4 0.884375 0.8140625 0.0140625 0.05859375
2 0.475 0.83046875 0.0234375 0.06796875
4 0.6265625 0.821875 0.01875 0.0625
5 0.77890625 0.8171875 0.02265625 0.04140625
3 0.55078125 0.82578125 0.025 0.06640625
8 0.51953125 0.82421875 0.02734375 0.0640625
2 0.6703125 0.82109375 0.02109375 0.0640625
6 0.93046875 0.8125 0.02265625 0.0546875