0 0.59296875 0.83515625 0.01640625 0.03203125
0 0.821875 0.828125 0.015625 0.0265625
1 0.8515625 0.82109375 0.01640625 0.05625
1 0.66875 0.8265625 0.01640625 0.06015625
2 0.4734375 0.83359375 0.02265625 0.06796875
8 0.51640625 0.83125 0.0265625 0.06640625
2 0.95859375 0.81796875 0.0203125 0.0625
5 0.77421875 0.821875 0.02265625 0.04375
1 0.74375 0.8265625 0.01875 0.0640625
3 0.5484375 0.82890625 0.0265625 0.0625
6 0.6984375 0.82421875 0.02265625 0.0640625
2 0.6234375 0.82734375 0.0234375 0.06640625
6 0.88125 0.81875 0.0234375 0.0640625
7 0.928125 0.81796875 0.025 0.0625