0 0.8234375 0.9234375 0.0203125 0.046875
0 0.85625 0.92421875 0.02265625 0.0453125
0 0.5796875 0.896875 0.01875 0.04375
2 0.6625 0.89375 0.02734375 0.0734375
2 0.890625 0.91640625 0.0265625 0.07734375
6 0.61171875 0.88984375 0.02890625 0.07734375
1 0.9578125 0.92578125 0.025 0.08125
2 0.45625 0.87421875 0.01796875 0.08515625
2 0.69609375 0.896875 0.02890625 0.07734375
1 0.7421875 0.903125 0.02265625 0.08125
2 0.9265625 0.91953125 0.02890625 0.08125
2 0.53515625 0.88203125 0.02265625 0.08125
5 0.778125 0.90390625 0.03203125 0.06015625
8 0.5015625 0.8765625 0.025 0.08515625