0 0.59296875 0.828125 0.01640625 0.0375
0 0.66875 0.828125 0.01328125 0.04140625
1 0.6234375 0.821875 0.01640625 0.07734375
1 0.6984375 0.821875 0.0140625 0.08125
1 0.82109375 0.82265625 0.01640625 0.0640625
5 0.77578125 0.821875 0.02265625 0.04375
4 0.9578125 0.82265625 0.01796875 0.06015625
1 0.74453125 0.82265625 0.015625 0.07578125
3 0.928125 0.821875 0.025 0.06953125
6 0.8515625 0.821875 0.02109375 0.06640625
2 0.47109375 0.82109375 0.0234375 0.07890625
3 0.54765625 0.81796875 0.0234375 0.06953125
9 0.88125 0.821875 0.02109375 0.06640625
8 0.515625 0.81640625 0.0265625 0.07734375