0 0.8359375 0.85859375 0.015625 0.0265625
0 0.8046875 0.8578125 0.01171875 0.028125
1 0.7265625 0.85078125 0.015625 0.06796875
1 0.86796875 0.85546875 0.01640625 0.05859375
1 0.57265625 0.84453125 0.0140625 0.0625
1 0.60234375 0.84609375 0.0140625 0.0625
6 0.9125 0.8515625 0.02265625 0.05859375
5 0.75859375 0.84921875 0.02109375 0.0453125
2 0.64921875 0.846875 0.0203125 0.0640625
7 0.94453125 0.8515625 0.025 0.0625
6 0.68046875 0.8453125 0.0203125 0.05625
5 0.49609375 0.84140625 0.01875 0.0375
2 0.4515625 0.83984375 0.01796875 0.06015625
3 0.528125 0.84140625 0.02265625 0.06015625