0 0.62578125 0.84609375 0.015625 0.03203125
0 0.88515625 0.846875 0.01328125 0.03046875
0 0.67109375 0.846875 0.015625 0.03046875
1 0.7484375 0.840625 0.01640625 0.06640625
0 0.8265625 0.8484375 0.015625 0.02421875
1 0.9609375 0.840625 0.01640625 0.05859375
1 0.85703125 0.84375 0.02109375 0.06015625
7 0.703125 0.8390625 0.02734375 0.0734375
5 0.7796875 0.840625 0.02109375 0.0359375
8 0.9296875 0.83671875 0.0265625 0.0546875
1 0.59375 0.8390625 0.01796875 0.06640625
2 0.47109375 0.8375 0.02265625 0.06796875
6 0.546875 0.8359375 0.02265625 0.0640625
7 0.51484375 0.8359375 0.0296875 0.06796875