4 0.725 0.8421875 0.01640625 0.0546875
0 0.61640625 0.85 0.0109375 0.02421875
0 0.84765625 0.8484375 0.01171875 0.02421875
2 0.49140625 0.8421875 0.0203125 0.0625
1 0.69375 0.8421875 0.015625 0.05859375
1 0.7703125 0.8421875 0.0140625 0.05859375
5 0.98125 0.840625 0.01875 0.0359375
3 0.64609375 0.840625 0.0234375 0.05859375
5 0.8015625 0.840625 0.0203125 0.03984375
3 0.56875 0.83984375 0.02265625 0.06015625
8 0.5375 0.84140625 0.02265625 0.0640625
6 0.9515625 0.83984375 0.01875 0.05625
8 0.9078125 0.83984375 0.02265625 0.053125
2 0.878125 0.84140625 0.01796875 0.053125