0 0.58984375 0.85625 0.01328125 0.03359375
0 0.84921875 0.85859375 0.015625 0.0265625
0 0.6671875 0.85625 0.01328125 0.0375
0 0.8796875 0.859375 0.0140625 0.02421875
0 0.81953125 0.8578125 0.01328125 0.02421875
1 0.62109375 0.84921875 0.01875 0.0640625
4 0.95703125 0.85078125 0.01640625 0.05625
5 0.7734375 0.84921875 0.0234375 0.0453125
6 0.69609375 0.846875 0.0234375 0.0640625
7 0.92578125 0.85 0.02734375 0.06640625
1 0.74375 0.853125 0.0203125 0.0640625
2 0.54296875 0.846875 0.01875 0.06796875
2 0.46640625 0.8453125 0.01875 0.071875
8 0.51015625 0.84609375 0.025 0.06953125