0 0.90390625 0.8265625 0.0203125 0.03359375
0 0.83359375 0.828125 0.02265625 0.03046875
5 0.98828125 0.81796875 0.0234375 0.046875
0 0.57421875 0.8265625 0.02265625 0.03359375
0 0.659375 0.82578125 0.0265625 0.0359375
5 0.78125 0.81875 0.0296875 0.0453125
1 0.9546875 0.81875 0.0234375 0.06796875
1 0.86875 0.821875 0.0234375 0.06640625
1 0.74609375 0.82265625 0.0265625 0.071875
8 0.69609375 0.81875 0.034375 0.05625
2 0.440625 0.82109375 0.03359375 0.06796875
3 0.52578125 0.81796875 0.03203125 0.06640625
3 0.609375 0.821875 0.03359375 0.06953125
8 0.4875 0.81796875 0.03671875 0.06640625