0 0.8109375 0.8484375 0.0140625 0.02421875
0 0.6578125 0.8453125 0.0203125 0.03359375
0 0.58359375 0.84609375 0.01640625 0.03203125
3 0.53984375 0.83671875 0.02734375 0.0625
8 0.50625 0.8328125 0.0296875 0.0625
9 0.91484375 0.84375 0.025 0.05625
1 0.73359375 0.8421875 0.0203125 0.06953125
8 0.9484375 0.84375 0.02734375 0.06015625
5 0.7640625 0.83984375 0.0234375 0.0453125
3 0.61484375 0.83984375 0.0296875 0.0640625
2 0.46328125 0.83671875 0.0265625 0.06640625
8 0.68984375 0.8390625 0.0296875 0.0546875
7 0.871875 0.84375 0.0296875 0.06796875
2 0.84140625 0.84375 0.0203125 0.0640625