0 0.57578125 0.8390625 0.015625 0.028125
0 0.6578125 0.840625 0.015625 0.0359375
0 0.821875 0.8421875 0.015625 0.028125
5 0.49609375 0.82890625 0.025 0.03984375
5 0.77109375 0.83515625 0.0234375 0.04375
4 0.96875 0.8375 0.015625 0.05625
1 0.73828125 0.83671875 0.01875 0.0625
3 0.52890625 0.82734375 0.02890625 0.05859375
6 0.68984375 0.83125 0.02734375 0.05859375
1 0.85390625 0.8390625 0.01796875 0.0546875
2 0.4484375 0.82890625 0.02109375 0.0546875
5 0.60859375 0.83125 0.0234375 0.04375
2 0.88671875 0.8375 0.0234375 0.05625
7 0.9359375 0.8375 0.0296875 0.06796875