0 0.8140625 0.821875 0.015625 0.03203125
0 0.59765625 0.82421875 0.01640625 0.0453125
0 0.64609375 0.82421875 0.01640625 0.03359375
5 0.96328125 0.81015625 0.0265625 0.05078125
4 0.84609375 0.8140625 0.01796875 0.0625
1 0.5640625 0.81875 0.01875 0.06796875
1 0.7296875 0.81953125 0.02109375 0.06953125
5 0.76328125 0.81640625 0.0265625 0.046875
1 0.6796875 0.81640625 0.01640625 0.06953125
2 0.51796875 0.82109375 0.0234375 0.06796875
8 0.48359375 0.81796875 0.02890625 0.0734375
2 0.4375 0.821875 0.02265625 0.0734375
9 0.9296875 0.81328125 0.0234375 0.0640625
7 0.87890625 0.8140625 0.0296875 0.06640625