0 0.64296875 0.8484375 0.01171875 0.028125
0 0.834375 0.85546875 0.01875 0.028125
0 0.8015625 0.8546875 0.0140625 0.0265625
5 0.75390625 0.8453125 0.0234375 0.04140625
0 0.56640625 0.84453125 0.0109375 0.02421875
2 0.4453125 0.8359375 0.01875 0.053125
1 0.72109375 0.84453125 0.01875 0.05859375
5 0.48984375 0.83671875 0.0203125 0.03984375
2 0.67421875 0.84140625 0.02265625 0.0640625
2 0.86640625 0.84921875 0.025 0.05625
3 0.9140625 0.85078125 0.025 0.06015625
4 0.94609375 0.85078125 0.01640625 0.04921875
4 0.5203125 0.8390625 0.0140625 0.0546875
3 0.59609375 0.8390625 0.025 0.0546875