0 0.83984375 0.83984375 0.01796875 0.03359375
0 0.57109375 0.83984375 0.015625 0.03359375
0 0.80703125 0.8375 0.01875 0.03359375
5 0.7609375 0.83203125 0.02890625 0.0453125
0 0.68125 0.83984375 0.01640625 0.03046875
5 0.49296875 0.83203125 0.0234375 0.04140625
1 0.728125 0.8328125 0.0203125 0.0734375
3 0.91875 0.8328125 0.02734375 0.0625
3 0.87109375 0.83359375 0.03125 0.0640625
3 0.525 0.83046875 0.0265625 0.06015625
7 0.9515625 0.83125 0.03203125 0.06640625
1 0.64921875 0.83203125 0.0203125 0.06015625
2 0.446875 0.83203125 0.01796875 0.05625
6 0.60078125 0.83125 0.02265625 0.06640625