0 0.6515625 0.85 0.01640625 0.03203125
0 0.575 0.84921875 0.01875 0.04140625
0 0.803125 0.85625 0.01796875 0.0375
1 0.68125 0.84375 0.01640625 0.0640625
1 0.7265625 0.8453125 0.0203125 0.071875
5 0.9109375 0.846875 0.0234375 0.04140625
2 0.45703125 0.84140625 0.02109375 0.07578125
5 0.75703125 0.8453125 0.0265625 0.0453125
2 0.9421875 0.84609375 0.025 0.06640625
7 0.8640625 0.84609375 0.02734375 0.06953125
2 0.53125 0.84140625 0.0234375 0.06796875
8 0.5 0.8421875 0.0265625 0.06953125
2 0.60625 0.84140625 0.0265625 0.06796875
6 0.83359375 0.84453125 0.0234375 0.06953125