0 0.6640625 0.8453125 0.01171875 0.03046875
4 0.94921875 0.840625 0.015625 0.05859375
0 0.5890625 0.8453125 0.0109375 0.03359375
0 0.81640625 0.8484375 0.015625 0.028125
8 0.91796875 0.8375 0.02890625 0.06015625
1 0.7390625 0.84375 0.01640625 0.0640625
1 0.8453125 0.84140625 0.01640625 0.06015625
5 0.7703125 0.8390625 0.0234375 0.03984375
2 0.46875 0.83515625 0.0203125 0.06640625
7 0.51171875 0.83515625 0.0265625 0.0734375
2 0.87578125 0.8390625 0.02265625 0.05859375
3 0.69375 0.8375 0.0234375 0.06015625
2 0.61875 0.8375 0.01875 0.06796875
7 0.54296875 0.8359375 0.0234375 0.06796875