0 0.81171875 0.84921875 0.0140625 0.0265625
0 0.84296875 0.8515625 0.0140625 0.028125
0 0.5828125 0.84609375 0.015625 0.028125
0 0.659375 0.846875 0.0140625 0.0265625
9 0.95078125 0.840625 0.0203125 0.05859375
4 0.87421875 0.84609375 0.01796875 0.05859375
5 0.61328125 0.83984375 0.02109375 0.04140625
9 0.9203125 0.8453125 0.02109375 0.06015625
5 0.76640625 0.840625 0.0203125 0.04375
1 0.68984375 0.84375 0.015625 0.06015625
1 0.7359375 0.8421875 0.01640625 0.05859375
8 0.50859375 0.8359375 0.0265625 0.06015625
3 0.53984375 0.83671875 0.025 0.05859375
2 0.4640625 0.840625 0.02109375 0.06640625