0 0.59921875 0.8375 0.01328125 0.03046875
1 0.75078125 0.83125 0.015625 0.0625
4 0.928125 0.82890625 0.015625 0.05859375
1 0.85390625 0.83046875 0.015625 0.05625
1 0.9578125 0.82734375 0.01328125 0.05859375
9 0.70546875 0.82734375 0.01796875 0.0625
2 0.884375 0.828125 0.02109375 0.05625
5 0.6296875 0.83046875 0.01875 0.04140625
2 0.47890625 0.83125 0.01796875 0.06640625
5 0.78046875 0.828125 0.0203125 0.04140625
2 0.5546875 0.83046875 0.01875 0.0640625
8 0.52265625 0.83046875 0.02109375 0.06796875
0 0.67578125 0.83671875 0.015625 0.02265625
0 0.825 0.83828125 0.01328125 0.0296875