0 0.81484375 0.83359375 0.0109375 0.02265625
0 0.59140625 0.82421875 0.01171875 0.0375
6 0.95078125 0.8328125 0.0203125 0.0546875
2 0.4734375 0.81640625 0.01875 0.06953125
1 0.73984375 0.8234375 0.015625 0.0546875
7 0.51875 0.81484375 0.025 0.071875
5 0.8765625 0.83046875 0.01875 0.03359375
4 0.69375 0.81953125 0.015625 0.05859375
9 0.921875 0.8328125 0.0203125 0.05078125
5 0.76875 0.82265625 0.0203125 0.0375
1 0.6640625 0.8171875 0.0140625 0.06015625
7 0.546875 0.8171875 0.02265625 0.071875
2 0.8453125 0.8265625 0.01875 0.053125
2 0.62109375 0.81796875 0.01875 0.06640625