0 0.64609375 0.8328125 0.02109375 0.03203125
0 0.809375 0.83515625 0.01640625 0.028125
0 0.56640625 0.83359375 0.0203125 0.03359375
1 0.72734375 0.82890625 0.01875 0.06953125
1 0.67890625 0.8265625 0.01640625 0.0640625
2 0.440625 0.83046875 0.0265625 0.0640625
3 0.5203125 0.828125 0.02890625 0.0640625
1 0.95546875 0.82734375 0.015625 0.05859375
5 0.759375 0.8265625 0.0265625 0.04140625
2 0.9234375 0.82734375 0.025 0.0546875
8 0.484375 0.8265625 0.03125 0.0640625
9 0.87265625 0.82109375 0.02109375 0.06796875
2 0.84140625 0.8265625 0.0203125 0.0640625
2 0.6 0.828125 0.02890625 0.0640625