9 0.97734375 0.83359375 0.01875 0.06015625
0 0.828125 0.84140625 0.01328125 0.0265625
0 0.58125 0.84375 0.01328125 0.03046875
2 0.53359375 0.8359375 0.0203125 0.0640625
1 0.7453125 0.8375 0.01640625 0.0640625
2 0.45390625 0.83359375 0.0203125 0.06796875
4 0.89375 0.83515625 0.01640625 0.0546875
3 0.94296875 0.8328125 0.0265625 0.05859375
5 0.69609375 0.83515625 0.02109375 0.03984375
5 0.77890625 0.83515625 0.02109375 0.03984375
2 0.86171875 0.83359375 0.02109375 0.06015625
2 0.6640625 0.83515625 0.0203125 0.06640625
4 0.61484375 0.8359375 0.015625 0.06015625
8 0.5 0.8359375 0.0234375 0.071875