0 0.81328125 0.84609375 0.01171875 0.02421875
9 0.9515625 0.83671875 0.0203125 0.0546875
0 0.84375 0.846875 0.015625 0.0265625
0 0.65625 0.84609375 0.01796875 0.0359375
0 0.57890625 0.84609375 0.01640625 0.03203125
5 0.76640625 0.8390625 0.02265625 0.03984375
3 0.5328125 0.83515625 0.025 0.0625
3 0.92109375 0.8375 0.0234375 0.06015625
2 0.45546875 0.83671875 0.01796875 0.06640625
1 0.734375 0.8421875 0.01875 0.0625
6 0.68671875 0.83671875 0.0234375 0.05859375
6 0.60859375 0.8359375 0.02734375 0.06015625
7 0.87421875 0.84140625 0.025 0.06015625
8 0.5015625 0.8359375 0.0234375 0.0640625