0 0.6984375 0.84375 0.01328125 0.0375
0 0.82109375 0.840625 0.01328125 0.03203125
0 0.5921875 0.84453125 0.015625 0.0359375
1 0.74296875 0.8359375 0.0140625 0.071875
1 0.8828125 0.83359375 0.0203125 0.06796875
2 0.8515625 0.8328125 0.02265625 0.06640625
2 0.47109375 0.840625 0.01875 0.06953125
9 0.95859375 0.83125 0.02265625 0.0625
5 0.7734375 0.8328125 0.02265625 0.046875
8 0.9265625 0.8328125 0.02734375 0.0625
8 0.51640625 0.8375 0.025 0.06796875
2 0.621875 0.8375 0.02265625 0.071875
3 0.546875 0.8359375 0.025 0.0640625
2 0.66640625 0.8375 0.01875 0.06796875