0 0.86875 0.84140625 0.01875 0.03046875
0 0.8390625 0.84375 0.01640625 0.03046875
8 0.9734375 0.82734375 0.02890625 0.05859375
0 0.6828125 0.85 0.0203125 0.0359375
0 0.6015625 0.85078125 0.01796875 0.03359375
8 0.9 0.83203125 0.02890625 0.05625
5 0.79296875 0.8375 0.0265625 0.0453125
9 0.71640625 0.840625 0.0265625 0.06640625
1 0.7609375 0.84375 0.02109375 0.0640625
9 0.94296875 0.83125 0.0234375 0.05859375
2 0.4765625 0.846875 0.01875 0.07890625
8 0.634375 0.84140625 0.03125 0.06015625
2 0.55546875 0.8421875 0.02265625 0.0734375
8 0.52265625 0.84375 0.0265625 0.07890625