0 0.5890625 0.83359375 0.01171875 0.03046875
0 0.81875 0.840625 0.01171875 0.02421875
1 0.66640625 0.8328125 0.01640625 0.06640625
1 0.74375 0.83359375 0.01796875 0.06015625
5 0.69765625 0.82890625 0.02109375 0.04375
5 0.7734375 0.83125 0.02109375 0.03984375
2 0.46953125 0.821875 0.0203125 0.06640625
8 0.5125 0.8234375 0.02265625 0.06640625
2 0.9234375 0.8359375 0.02109375 0.06015625
6 0.95234375 0.83359375 0.02109375 0.05625
3 0.61875 0.828125 0.025 0.0640625
2 0.54375 0.8265625 0.01875 0.0640625
2 0.84921875 0.83359375 0.0203125 0.05625
8 0.87890625 0.83203125 0.02265625 0.053125