0 0.85546875 0.8171875 0.02265625 0.0375
0 0.825 0.8171875 0.01875 0.0375
0 0.59609375 0.82109375 0.01640625 0.0375
8 0.96640625 0.80546875 0.0296875 0.06015625
2 0.67265625 0.8109375 0.02109375 0.06015625
5 0.7796875 0.809375 0.02890625 0.0453125
2 0.8859375 0.81015625 0.025 0.0625
9 0.62734375 0.81015625 0.0234375 0.06640625
1 0.746875 0.81328125 0.02265625 0.0640625
5 0.52109375 0.8140625 0.0265625 0.046875
6 0.703125 0.8109375 0.02734375 0.06015625
2 0.47734375 0.81640625 0.02109375 0.05859375
3 0.553125 0.8125 0.0296875 0.0625
7 0.93046875 0.80859375 0.0296875 0.07734375