0 0.8234375 0.8546875 0.01328125 0.0265625
0 0.66796875 0.85546875 0.01875 0.03203125
1 0.6984375 0.85 0.01640625 0.0734375
1 0.74453125 0.85078125 0.01796875 0.06796875
0 0.62109375 0.8546875 0.0203125 0.0375
1 0.8515625 0.84921875 0.01328125 0.0640625
5 0.95625 0.84453125 0.02265625 0.04375
9 0.9265625 0.8484375 0.0203125 0.05859375
1 0.5890625 0.85 0.01875 0.0734375
5 0.7765625 0.8484375 0.0234375 0.046875
2 0.465625 0.84921875 0.0234375 0.06796875
7 0.51015625 0.846875 0.0296875 0.06796875
6 0.5421875 0.846875 0.02265625 0.071875
9 0.88203125 0.84609375 0.01875 0.05859375