0 0.8234375 0.83671875 0.01171875 0.028125
4 0.55 0.8234375 0.0140625 0.05859375
0 0.67109375 0.83515625 0.01171875 0.028125
0 0.85390625 0.8390625 0.0109375 0.028125
0 0.5953125 0.8328125 0.009375 0.028125
1 0.95859375 0.8328125 0.015625 0.05859375
1 0.74765625 0.83046875 0.0140625 0.0640625
5 0.51875 0.8234375 0.0203125 0.03984375
5 0.778125 0.82890625 0.0203125 0.03984375
5 0.62578125 0.82421875 0.0203125 0.04140625
7 0.7015625 0.8265625 0.025 0.0640625
2 0.4734375 0.8234375 0.01796875 0.05859375
2 0.884375 0.83203125 0.01875 0.06015625
7 0.928125 0.83203125 0.025 0.0640625