1 0.60390625 0.771875 0.02109375 0.0640625
0 0.65 0.778125 0.01640625 0.0359375
0 0.8109375 0.778125 0.015625 0.03203125
7 0.5234375 0.7734375 0.0265625 0.06796875
1 0.68125 0.77421875 0.015625 0.0734375
7 0.490625 0.77421875 0.02890625 0.06953125
1 0.7296875 0.77265625 0.01875 0.06640625
2 0.4453125 0.77578125 0.0234375 0.0640625
5 0.7609375 0.771875 0.025 0.04140625
9 0.84375 0.77265625 0.02109375 0.05859375
9 0.87734375 0.76875 0.02109375 0.05859375
4 0.9578125 0.76953125 0.015625 0.053125
2 0.92578125 0.77109375 0.02265625 0.0546875