0 0.5875 0.86796875 0.015625 0.03359375
0 0.82265625 0.86328125 0.01171875 0.02421875
0 0.6984375 0.86484375 0.015625 0.03203125
1 0.66640625 0.86015625 0.01640625 0.0640625
1 0.7453125 0.86015625 0.01640625 0.06796875
8 0.9546875 0.8453125 0.0265625 0.0640625
3 0.53984375 0.85859375 0.025 0.06796875
5 0.92578125 0.846875 0.0203125 0.04140625
2 0.4609375 0.8578125 0.01796875 0.06953125
2 0.61953125 0.8609375 0.02265625 0.06640625
5 0.7765625 0.85546875 0.02109375 0.04375
2 0.85234375 0.85078125 0.01875 0.06015625
8 0.50703125 0.85859375 0.0265625 0.071875
8 0.88203125 0.84921875 0.0234375 0.05625