0 0.5390625 0.82734375 0.01875 0.04375
0 0.7859375 0.828125 0.015625 0.03046875
0 0.8203125 0.828125 0.0140625 0.03046875
0 0.6515625 0.82734375 0.015625 0.03984375
1 0.70234375 0.821875 0.02109375 0.07734375
5 0.73359375 0.81875 0.025 0.0453125
1 0.61875 0.81875 0.0203125 0.07578125
2 0.57109375 0.81796875 0.02265625 0.06953125
6 0.85390625 0.81796875 0.02734375 0.06640625
8 0.94296875 0.81796875 0.0265625 0.0734375
2 0.4171875 0.81796875 0.02265625 0.0734375
7 0.4609375 0.8171875 0.0296875 0.07578125
7 0.49453125 0.8171875 0.0296875 0.07578125
9 0.90625 0.81875 0.02109375 0.0640625