0 0.8734375 0.82578125 0.01640625 0.028125
0 0.83984375 0.82421875 0.01328125 0.0265625
5 0.703125 0.81640625 0.025 0.03984375
0 0.58359375 0.82265625 0.01328125 0.03359375
0 0.66875 0.82421875 0.01171875 0.03046875
5 0.7890625 0.81796875 0.02265625 0.03984375
1 0.75390625 0.81875 0.01875 0.06015625
9 0.9859375 0.8140625 0.0203125 0.05859375
6 0.953125 0.81484375 0.025 0.06015625
5 0.5 0.81484375 0.02109375 0.04140625
7 0.90625 0.81796875 0.02890625 0.06640625
2 0.45078125 0.8125 0.0203125 0.05859375
6 0.61640625 0.81484375 0.0234375 0.06015625
4 0.53359375 0.81484375 0.015625 0.0640625