0 0.59765625 0.84453125 0.0140625 0.03203125
1 0.75078125 0.8375 0.01796875 0.071875
0 0.85703125 0.8375 0.01171875 0.0265625
0 0.70390625 0.84140625 0.015625 0.03046875
0 0.828125 0.8375 0.01328125 0.0265625
5 0.9328125 0.828125 0.02734375 0.04140625
1 0.62890625 0.8359375 0.01640625 0.0640625
7 0.96328125 0.828125 0.0265625 0.0640625
5 0.78125 0.8328125 0.0234375 0.04375
1 0.6734375 0.83359375 0.01640625 0.06015625
5 0.8875 0.82890625 0.02265625 0.03984375
3 0.55234375 0.8359375 0.0234375 0.0640625
2 0.47578125 0.84140625 0.0203125 0.07890625
8 0.52109375 0.83671875 0.025 0.06953125