0 0.8734375 0.8390625 0.01328125 0.02421875
0 0.59609375 0.83515625 0.01328125 0.03203125
1 0.9859375 0.83203125 0.0140625 0.053125
0 0.84140625 0.8375 0.01328125 0.0265625
1 0.6765625 0.82890625 0.01640625 0.0625
2 0.46640625 0.82578125 0.02109375 0.06953125
1 0.75703125 0.83203125 0.01640625 0.0640625
5 0.79140625 0.83125 0.02265625 0.03984375
4 0.90546875 0.83203125 0.01796875 0.05625
9 0.9546875 0.82890625 0.01875 0.0546875
2 0.546875 0.8265625 0.0203125 0.06796875
2 0.62890625 0.83046875 0.02265625 0.0640625
7 0.70859375 0.82421875 0.0296875 0.071875
8 0.5140625 0.82578125 0.025 0.0734375