0 0.834375 0.85625 0.01875 0.03359375
0 0.803125 0.85625 0.015625 0.0375
0 0.56875 0.84921875 0.01640625 0.0375
1 0.94375 0.85 0.01640625 0.05859375
0 0.64609375 0.85 0.02109375 0.03203125
5 0.9125 0.85 0.02734375 0.04375
1 0.67734375 0.84453125 0.01640625 0.0625
2 0.4484375 0.84140625 0.02265625 0.06015625
7 0.865625 0.8484375 0.02890625 0.06953125
6 0.75546875 0.8453125 0.02265625 0.05625
3 0.525 0.83984375 0.03125 0.06796875
2 0.7234375 0.8484375 0.02109375 0.06640625
6 0.59921875 0.84375 0.02734375 0.071875
5 0.4921875 0.8390625 0.025 0.04375