0 0.859375 0.8328125 0.01640625 0.028125
0 0.5984375 0.8375 0.01875 0.03359375
0 0.6734375 0.83515625 0.01875 0.0359375
5 0.96484375 0.8234375 0.025 0.04375
0 0.828125 0.83203125 0.01796875 0.0265625
1 0.7515625 0.83046875 0.0203125 0.071875
5 0.70546875 0.82734375 0.025 0.05078125
5 0.7828125 0.82578125 0.025 0.04375
3 0.8890625 0.8265625 0.0265625 0.0640625
2 0.4765625 0.83125 0.02734375 0.0625
8 0.5203125 0.828125 0.03125 0.0640625
3 0.62890625 0.82890625 0.0296875 0.06953125
3 0.55390625 0.83046875 0.0296875 0.06796875
7 0.93359375 0.82421875 0.0296875 0.0640625