0 0.865625 0.82890625 0.01171875 0.02421875
0 0.83515625 0.82890625 0.01328125 0.028125
0 0.6421875 0.8375 0.01328125 0.0375
1 0.96875 0.81953125 0.015625 0.05859375
1 0.6140625 0.83359375 0.015625 0.0640625
4 0.71640625 0.8265625 0.015625 0.06015625
1 0.76171875 0.8265625 0.01640625 0.0640625
1 0.6875 0.828125 0.015625 0.0640625
5 0.79140625 0.82421875 0.0203125 0.04140625
2 0.56953125 0.83515625 0.0203125 0.0625
2 0.49453125 0.8359375 0.01796875 0.071875
8 0.53828125 0.8359375 0.0234375 0.071875
4 0.89375 0.81953125 0.015625 0.05859375
3 0.9375 0.8171875 0.02265625 0.06015625