5 0.925 0.82890625 0.0265625 0.0359375
0 0.81171875 0.83984375 0.01171875 0.0265625
0 0.84453125 0.8390625 0.015625 0.02421875
4 0.8765625 0.83203125 0.0203125 0.05625
1 0.646875 0.828125 0.0203125 0.07890625
5 0.7625 0.83203125 0.02734375 0.0453125
0 0.56875 0.83671875 0.0234375 0.046875
1 0.72890625 0.83125 0.0203125 0.06953125
2 0.68203125 0.83203125 0.0265625 0.0640625
9 0.59921875 0.83125 0.02265625 0.06953125
2 0.44296875 0.83046875 0.0234375 0.0640625
7 0.48671875 0.82890625 0.03125 0.06640625
6 0.51953125 0.82890625 0.025 0.06640625