2 0.5390625 0.82734375 0.02734375 0.06953125
2 0.9484375 0.83125 0.0265625 0.0625
0 0.840625 0.8375 0.01875 0.0375
0 0.65703125 0.83671875 0.01640625 0.03984375
0 0.58125 0.83515625 0.025 0.046875
1 0.73359375 0.83125 0.02109375 0.06953125
1 0.68671875 0.8265625 0.02109375 0.071875
2 0.809375 0.8328125 0.03125 0.06953125
3 0.9171875 0.83203125 0.0296875 0.06796875
2 0.4625 0.83125 0.0296875 0.08515625
2 0.871875 0.83359375 0.02734375 0.06796875
2 0.765625 0.8328125 0.02890625 0.0734375
1 0.61171875 0.828125 0.0234375 0.06796875
8 0.50390625 0.82421875 0.03359375 0.07890625