0 0.86640625 0.82734375 0.01796875 0.028125
0 0.83359375 0.83046875 0.015625 0.0265625
5 0.78515625 0.82265625 0.025 0.04140625
0 0.94765625 0.8265625 0.0140625 0.02265625
1 0.7515625 0.82265625 0.01796875 0.071875
1 0.62578125 0.828125 0.01796875 0.0640625
8 0.8984375 0.81875 0.02890625 0.0453125
1 0.59375 0.83046875 0.01796875 0.06796875
2 0.67265625 0.828125 0.0265625 0.071875
7 0.97890625 0.8171875 0.0234375 0.0640625
2 0.46796875 0.83359375 0.0234375 0.06796875
6 0.54609375 0.82890625 0.0265625 0.0625
2 0.70625 0.82578125 0.0265625 0.06953125
7 0.51328125 0.83203125 0.03125 0.06796875