0 0.84296875 0.8453125 0.02109375 0.0375
1 0.61875 0.83671875 0.01875 0.06640625
0 0.91875 0.8453125 0.0234375 0.03359375
0 0.8140625 0.8421875 0.01796875 0.03203125
0 0.69375 0.84375 0.0203125 0.03046875
1 0.58828125 0.83359375 0.01875 0.06015625
9 0.875 0.83671875 0.0265625 0.06953125
1 0.7375 0.8390625 0.0203125 0.06640625
1 0.94921875 0.8390625 0.0203125 0.05859375
3 0.6640625 0.8359375 0.02734375 0.06015625
8 0.51171875 0.828125 0.02890625 0.06015625
2 0.54453125 0.83203125 0.025 0.06015625
5 0.76875 0.8359375 0.0265625 0.0453125
2 0.46875 0.83046875 0.02265625 0.0640625