0 0.809375 0.8578125 0.0140625 0.03203125
4 0.94609375 0.853125 0.01640625 0.05625
0 0.5796875 0.85078125 0.009375 0.03046875
5 0.87109375 0.84921875 0.02109375 0.04140625
1 0.84140625 0.8515625 0.01796875 0.0625
1 0.91640625 0.853125 0.015625 0.0640625
2 0.45859375 0.8390625 0.0203125 0.05859375
1 0.7328125 0.84921875 0.01328125 0.0640625
2 0.68671875 0.846875 0.02109375 0.0640625
5 0.76328125 0.846875 0.02109375 0.0453125
5 0.50390625 0.83984375 0.0203125 0.04140625
2 0.65625 0.846875 0.02109375 0.0640625
4 0.53359375 0.84140625 0.0140625 0.06015625
2 0.609375 0.846875 0.01875 0.06796875