0 0.81328125 0.84921875 0.01875 0.0375
0 0.8453125 0.84921875 0.02109375 0.0375
0 0.690625 0.846875 0.02109375 0.0375
0 0.58125 0.8453125 0.02265625 0.03359375
1 0.95390625 0.846875 0.02265625 0.0640625
2 0.45859375 0.8375 0.025 0.0640625
2 0.65859375 0.8390625 0.02890625 0.06640625
2 0.87734375 0.84375 0.02890625 0.06015625
1 0.921875 0.8453125 0.02265625 0.06015625
5 0.7671875 0.840625 0.0296875 0.05078125
1 0.73359375 0.84140625 0.02265625 0.071875
2 0.61328125 0.8390625 0.02890625 0.06640625
8 0.50234375 0.83515625 0.03125 0.05859375
2 0.5375 0.8375 0.02734375 0.06015625