0 0.51953125 0.83046875 0.01328125 0.0453125
0 0.60859375 0.83203125 0.01640625 0.05625
0 0.7859375 0.83515625 0.01640625 0.03203125
1 0.64453125 0.82734375 0.0203125 0.08125
1 0.82109375 0.82890625 0.02265625 0.06953125
5 0.85625 0.83046875 0.03125 0.04140625
1 0.69609375 0.8265625 0.01875 0.07578125
2 0.38125 0.81640625 0.0296875 0.0734375
7 0.46875 0.81484375 0.03359375 0.08671875
5 0.73125 0.8265625 0.0296875 0.04921875
7 0.43203125 0.8140625 0.03125 0.08515625
3 0.55625 0.8234375 0.0265625 0.08125
8 0.94296875 0.82890625 0.02890625 0.06640625
7 0.90625 0.82890625 0.0296875 0.0734375