0 0.5734375 0.82734375 0.01171875 0.02421875
0 0.94375 0.82890625 0.0140625 0.028125
0 0.8578125 0.82890625 0.01328125 0.02421875
9 0.97734375 0.821875 0.02109375 0.0546875
0 0.65703125 0.82734375 0.0140625 0.028125
2 0.44140625 0.81953125 0.01875 0.05078125
5 0.60703125 0.81953125 0.02109375 0.03984375
5 0.77421875 0.82109375 0.02265625 0.0375
1 0.740625 0.821875 0.01640625 0.05859375
1 0.69140625 0.82109375 0.01796875 0.05625
5 0.4890625 0.81953125 0.02109375 0.03984375
4 0.52265625 0.82109375 0.0140625 0.05625
4 0.89296875 0.82265625 0.01640625 0.053125