0 0.69921875 0.84140625 0.01328125 0.03046875
0 0.82265625 0.840625 0.01171875 0.02421875
2 0.47109375 0.83203125 0.0203125 0.06796875
0 0.5921875 0.8421875 0.0109375 0.0359375
1 0.95703125 0.83359375 0.0140625 0.05625
0 0.88125 0.84140625 0.01171875 0.0265625
1 0.7453125 0.8359375 0.0140625 0.0640625
7 0.515625 0.83125 0.0265625 0.0734375
5 0.77578125 0.83359375 0.0203125 0.04140625
5 0.928125 0.8328125 0.0203125 0.03984375
7 0.546875 0.83203125 0.025 0.071875
2 0.853125 0.83203125 0.0203125 0.05625
2 0.66875 0.83359375 0.0203125 0.0640625
2 0.6234375 0.83515625 0.0203125 0.06640625