0 0.85234375 0.8375 0.01640625 0.0265625
0 0.6984375 0.83671875 0.0203125 0.03203125
1 0.95859375 0.83203125 0.01875 0.05625
0 0.82109375 0.8359375 0.01796875 0.03359375
5 0.77578125 0.828125 0.02734375 0.04921875
0 0.5890625 0.83046875 0.0203125 0.03359375
8 0.51328125 0.8234375 0.02890625 0.05859375
9 0.92734375 0.83203125 0.0265625 0.06015625
2 0.46875 0.8234375 0.02265625 0.05859375
6 0.8828125 0.828125 0.0296875 0.06015625
1 0.74375 0.83203125 0.02109375 0.0640625
8 0.62109375 0.82265625 0.0296875 0.05625
3 0.66640625 0.828125 0.02890625 0.06015625
2 0.5453125 0.82578125 0.0234375 0.0625