0 0.83984375 0.87109375 0.015625 0.028125
0 0.809375 0.86796875 0.01640625 0.03046875
0 0.58125 0.86328125 0.009375 0.03203125
1 0.87109375 0.86328125 0.01875 0.05859375
5 0.7640625 0.85859375 0.02265625 0.0453125
2 0.94609375 0.85859375 0.02265625 0.06796875
9 0.68828125 0.853125 0.01640625 0.06015625
2 0.46015625 0.853125 0.01796875 0.071875
1 0.73359375 0.859375 0.01796875 0.0625
2 0.5359375 0.8546875 0.0203125 0.071875
7 0.6109375 0.8546875 0.02265625 0.06796875
5 0.915625 0.86015625 0.0234375 0.04140625
2 0.65703125 0.85546875 0.02109375 0.06640625
8 0.50390625 0.85390625 0.02265625 0.0734375