0 0.80625 0.8390625 0.0140625 0.03203125
0 0.5734375 0.83515625 0.015625 0.04375
1 0.6484375 0.82734375 0.01796875 0.06640625
1 0.72578125 0.8328125 0.01796875 0.06640625
1 0.8359375 0.83359375 0.015625 0.06796875
1 0.9140625 0.83203125 0.015625 0.06796875
2 0.4515625 0.82578125 0.02265625 0.06953125
5 0.75859375 0.82890625 0.0234375 0.04375
6 0.67890625 0.828125 0.02265625 0.06796875
7 0.4953125 0.81953125 0.02890625 0.08515625
2 0.60390625 0.8265625 0.0234375 0.06015625
6 0.86875 0.83203125 0.025 0.0640625
7 0.52734375 0.82265625 0.0265625 0.0828125
8 0.946875 0.83046875 0.02734375 0.06796875