0 0.83515625 0.85078125 0.01328125 0.03046875
0 0.80625 0.84921875 0.0140625 0.03046875
0 0.58125 0.846875 0.01328125 0.0375
1 0.65546875 0.84375 0.01796875 0.071875
1 0.73125 0.84375 0.01640625 0.071875
5 0.7609375 0.84140625 0.025 0.04921875
2 0.6875 0.84140625 0.025 0.0640625
2 0.4640625 0.8375 0.02109375 0.071875
9 0.86640625 0.84609375 0.02265625 0.0625
3 0.91015625 0.84453125 0.025 0.06640625
8 0.94140625 0.8421875 0.03125 0.05859375
8 0.50625 0.8390625 0.025 0.0734375
2 0.53828125 0.8390625 0.01875 0.0625
2 0.61171875 0.840625 0.0234375 0.0734375