0 0.59453125 0.88671875 0.01328125 0.04140625
1 0.62421875 0.8765625 0.01796875 0.0625
7 0.51875 0.87734375 0.02734375 0.071875
0 0.81875 0.88359375 0.015625 0.03203125
7 0.55078125 0.87578125 0.025 0.07578125
4 0.921875 0.8765625 0.01796875 0.05859375
1 0.6984375 0.87734375 0.01640625 0.0640625
6 0.84609375 0.8734375 0.02265625 0.06015625
0 0.66875 0.8859375 0.01328125 0.0359375
2 0.4765625 0.87890625 0.0203125 0.0640625
1 0.74375 0.88046875 0.01796875 0.06640625
9 0.87734375 0.87265625 0.01875 0.05859375
1 0.9515625 0.87421875 0.015625 0.0546875
5 0.7734375 0.878125 0.0234375 0.04375