0 0.6515625 0.84140625 0.01875 0.04140625
0 0.60625 0.83984375 0.0203125 0.0375
1 0.57578125 0.83046875 0.0203125 0.0640625
2 0.68359375 0.83515625 0.0265625 0.06640625
0 0.80625 0.8484375 0.015625 0.028125
1 0.7265625 0.83671875 0.01796875 0.0625
2 0.53203125 0.828125 0.02109375 0.05625
8 0.49921875 0.828125 0.02734375 0.06015625
2 0.9140625 0.84453125 0.025 0.0625
2 0.45625 0.82734375 0.02265625 0.0625
5 0.75859375 0.8375 0.0234375 0.04140625
3 0.94375 0.8453125 0.0265625 0.06015625
2 0.83671875 0.84375 0.0234375 0.071875
7 0.86796875 0.8421875 0.02890625 0.05859375