0 0.83125 0.83046875 0.01640625 0.03359375
0 0.678125 0.83203125 0.01328125 0.03046875
1 0.63203125 0.8265625 0.01875 0.0640625
1 0.75390625 0.8234375 0.01640625 0.0625
2 0.96640625 0.81796875 0.0203125 0.0625
1 0.70859375 0.82421875 0.01640625 0.0640625
1 0.8609375 0.81875 0.01640625 0.0640625
8 0.5234375 0.82578125 0.02890625 0.0625
1 0.6015625 0.82734375 0.01796875 0.0625
5 0.784375 0.821875 0.02109375 0.04375
2 0.4796875 0.83125 0.02109375 0.06640625
2 0.55625 0.828125 0.02109375 0.0640625
8 0.89140625 0.8171875 0.025 0.06015625
2 0.9359375 0.81953125 0.02265625 0.06640625