0 0.65390625 0.8421875 0.015625 0.028125
0 0.91484375 0.84140625 0.01796875 0.0265625
0 0.5796875 0.84453125 0.01875 0.0359375
0 0.80546875 0.8421875 0.01796875 0.02421875
1 0.728125 0.83671875 0.0203125 0.0625
3 0.5375 0.8359375 0.02734375 0.0640625
7 0.94765625 0.83203125 0.02890625 0.05625
3 0.68359375 0.83515625 0.0296875 0.06640625
4 0.609375 0.8375 0.01875 0.06796875
2 0.4640625 0.8390625 0.0296875 0.06640625
8 0.86875 0.8328125 0.03125 0.05078125
5 0.759375 0.83359375 0.0265625 0.0453125
2 0.8359375 0.83359375 0.02265625 0.06015625
8 0.5046875 0.8359375 0.03125 0.06015625