0 0.6734375 0.85 0.0140625 0.028125
0 0.85234375 0.84453125 0.01171875 0.02421875
0 0.8234375 0.84453125 0.0109375 0.02421875
0 0.6296875 0.8515625 0.01171875 0.028125
1 0.6 0.84609375 0.01640625 0.05859375
1 0.7484375 0.84453125 0.01640625 0.05859375
9 0.7046875 0.83984375 0.02109375 0.05625
5 0.5234375 0.846875 0.0203125 0.0375
5 0.77890625 0.83984375 0.01875 0.0375
5 0.88203125 0.83671875 0.02109375 0.0359375
2 0.47890625 0.8484375 0.01796875 0.0546875
2 0.92578125 0.83359375 0.0203125 0.05625
7 0.95390625 0.83359375 0.0234375 0.05625
3 0.55546875 0.8453125 0.02265625 0.05625