0 0.66640625 0.84453125 0.0109375 0.03203125
0 0.58828125 0.8453125 0.01171875 0.03046875
0 0.88125 0.8390625 0.01171875 0.028125
0 0.82109375 0.840625 0.01328125 0.028125
1 0.74296875 0.8359375 0.0140625 0.0640625
4 0.69609375 0.8390625 0.01640625 0.06640625
4 0.9265625 0.83046875 0.0140625 0.06015625
5 0.95859375 0.82890625 0.02109375 0.04375
4 0.61875 0.840625 0.0140625 0.0625
5 0.7734375 0.8328125 0.0203125 0.04375
2 0.85078125 0.82890625 0.0203125 0.05859375
2 0.4640625 0.840625 0.01875 0.06640625
2 0.54140625 0.8375 0.0203125 0.0640625
8 0.509375 0.8375 0.0234375 0.06796875