0 0.81875 0.83671875 0.01328125 0.02421875
0 0.58671875 0.8359375 0.01171875 0.03359375
5 0.95859375 0.828125 0.02265625 0.04140625
5 0.77109375 0.828125 0.0234375 0.04140625
1 0.6625 0.82734375 0.015625 0.05859375
1 0.73984375 0.83046875 0.01796875 0.06015625
5 0.61796875 0.8265625 0.02109375 0.04140625
8 0.5109375 0.83125 0.0234375 0.06953125
2 0.46796875 0.83046875 0.02109375 0.06796875
2 0.5421875 0.828125 0.0203125 0.0640625
3 0.928125 0.828125 0.0203125 0.05625
6 0.69375 0.82734375 0.02265625 0.0546875
7 0.88046875 0.82890625 0.025 0.05859375