0 0.6015625 0.840625 0.015625 0.03203125
0 0.6484375 0.840625 0.015625 0.03203125
0 0.80390625 0.8453125 0.0140625 0.03046875
1 0.83359375 0.8390625 0.01328125 0.0625
1 0.57109375 0.83203125 0.01875 0.06015625
1 0.72421875 0.8375 0.01796875 0.06015625
2 0.45078125 0.83125 0.0203125 0.06640625
2 0.5265625 0.83125 0.02109375 0.0625
9 0.67890625 0.8328125 0.01875 0.0625
5 0.75625 0.8359375 0.02265625 0.04140625
8 0.49453125 0.82890625 0.025 0.0625
1 0.9109375 0.84375 0.015625 0.06015625
1 0.94375 0.840625 0.015625 0.0546875
9 0.8640625 0.83671875 0.01640625 0.0625