0 0.80390625 0.846875 0.01171875 0.03046875
5 0.94375 0.84140625 0.025 0.0453125
5 0.9109375 0.84140625 0.0234375 0.04140625
1 0.7265625 0.8390625 0.01328125 0.05859375
4 0.86328125 0.84140625 0.01640625 0.0640625
1 0.834375 0.840625 0.01640625 0.05859375
5 0.4984375 0.83515625 0.01875 0.03984375
2 0.4546875 0.83203125 0.01875 0.05625
4 0.52890625 0.8359375 0.01328125 0.0640625
5 0.68125 0.83671875 0.02109375 0.03984375
2 0.64921875 0.8359375 0.0203125 0.0640625
3 0.6046875 0.83515625 0.0234375 0.05859375
6 0.75546875 0.8390625 0.0203125 0.05859375