0 0.8265625 0.8359375 0.01796875 0.03046875
1 0.965625 0.8265625 0.02109375 0.05625
1 0.8890625 0.8265625 0.01796875 0.05625
1 0.85703125 0.828125 0.02109375 0.06015625
1 0.6703125 0.83203125 0.01640625 0.06015625
1 0.74765625 0.8328125 0.01875 0.06640625
5 0.77890625 0.83046875 0.025 0.0453125
2 0.54609375 0.8328125 0.02265625 0.0625
1 0.59140625 0.83046875 0.01875 0.06015625
6 0.70078125 0.83046875 0.025 0.06015625
1 0.6234375 0.83125 0.01796875 0.0625
8 0.51328125 0.83046875 0.02890625 0.06015625
7 0.93359375 0.82265625 0.02890625 0.0640625
2 0.4671875 0.83515625 0.0203125 0.0625