2 0.9234375 0.88046875 0.02734375 0.0546875
2 0.44296875 0.92421875 0.03125 0.05625
0 0.57578125 0.92421875 0.0203125 0.03359375
0 0.81640625 0.90078125 0.01796875 0.028125
1 0.7359375 0.903125 0.01875 0.0546875
3 0.9546875 0.8765625 0.03125 0.05859375
1 0.60703125 0.91328125 0.0265625 0.05625
3 0.52734375 0.91953125 0.03125 0.0625
9 0.6890625 0.903125 0.02890625 0.05859375
5 0.76875 0.8984375 0.0265625 0.0453125
2 0.65546875 0.9078125 0.025 0.05625
8 0.490625 0.91953125 0.03359375 0.05859375
2 0.846875 0.8921875 0.02265625 0.06015625
6 0.87890625 0.88671875 0.0296875 0.053125