0 0.8515625 0.8359375 0.01171875 0.0265625
0 0.82265625 0.83515625 0.01171875 0.02421875
0 0.5953125 0.8421875 0.01171875 0.03203125
5 0.7765625 0.83046875 0.02109375 0.04140625
1 0.74609375 0.83203125 0.01640625 0.0640625
5 0.5203125 0.8359375 0.0234375 0.0453125
2 0.475 0.8390625 0.01875 0.0625
3 0.5515625 0.83515625 0.0234375 0.0625
1 0.92734375 0.82421875 0.01640625 0.06015625
8 0.6265625 0.83203125 0.025 0.06015625
5 0.88359375 0.82578125 0.02109375 0.046875
1 0.95859375 0.82421875 0.01640625 0.05625
2 0.66953125 0.8328125 0.02265625 0.06640625
8 0.70078125 0.82890625 0.025 0.0546875