0 0.8734375 0.840625 0.02109375 0.028125
0 0.60625 0.8421875 0.01796875 0.0359375
0 0.84140625 0.8421875 0.0203125 0.028125
2 0.6859375 0.83125 0.0234375 0.0625
5 0.6390625 0.83046875 0.025 0.04140625
1 0.7640625 0.83125 0.015625 0.06953125
3 0.96875 0.8234375 0.0265625 0.0625
3 0.5625 0.83125 0.025 0.06640625
6 0.9375 0.82421875 0.025 0.0640625
2 0.71875 0.82890625 0.0234375 0.06640625
3 0.90625 0.8265625 0.025 0.06015625
2 0.48515625 0.83046875 0.0203125 0.0640625
8 0.5296875 0.82890625 0.0265625 0.0625
8 0.796875 0.82890625 0.0296875 0.06640625