0 0.66171875 0.8453125 0.01640625 0.03359375
0 0.81640625 0.8421875 0.01328125 0.028125
1 0.73828125 0.8375 0.0140625 0.06796875
1 0.84609375 0.83359375 0.015625 0.05625
5 0.76953125 0.8359375 0.02265625 0.04140625
7 0.5078125 0.8359375 0.0296875 0.0640625
1 0.58515625 0.83984375 0.01796875 0.0640625
7 0.69296875 0.83359375 0.02890625 0.07578125
1 0.6171875 0.8359375 0.0203125 0.06015625
2 0.46328125 0.83984375 0.02109375 0.06796875
2 0.92265625 0.83515625 0.0234375 0.06640625
9 0.95390625 0.83125 0.01875 0.05859375
6 0.5390625 0.8359375 0.02265625 0.06015625
7 0.8765625 0.83203125 0.0265625 0.06796875