0 0.8140625 0.85390625 0.01171875 0.02421875
0 0.5859375 0.85390625 0.01171875 0.028125
0 0.6921875 0.85390625 0.01328125 0.028125
0 0.84609375 0.85390625 0.01328125 0.028125
1 0.73828125 0.84921875 0.01640625 0.05625
5 0.509375 0.84375 0.02109375 0.0375
5 0.76875 0.84609375 0.0234375 0.03984375
8 0.95234375 0.8453125 0.0234375 0.053125
4 0.9203125 0.846875 0.01640625 0.0640625
2 0.46640625 0.8421875 0.01875 0.0546875
3 0.6625 0.84453125 0.025 0.05859375
4 0.54140625 0.84609375 0.015625 0.05859375
2 0.8765625 0.84609375 0.02109375 0.0546875
3 0.61640625 0.84609375 0.02265625 0.05859375