3 0.928125 0.83046875 0.025 0.06015625
0 0.590625 0.8484375 0.0140625 0.03203125
3 0.8828125 0.83046875 0.025 0.05625
0 0.82265625 0.8421875 0.0140625 0.028125
3 0.9578125 0.82890625 0.02265625 0.0625
1 0.7453125 0.8390625 0.01640625 0.05859375
2 0.85234375 0.8328125 0.01875 0.05859375
1 0.66640625 0.83984375 0.01640625 0.06015625
1 0.6984375 0.8390625 0.0140625 0.05859375
5 0.775 0.83515625 0.01875 0.04375
9 0.62109375 0.8359375 0.01875 0.0640625
2 0.46875 0.8421875 0.01796875 0.06953125
8 0.5125 0.8421875 0.02265625 0.06953125
2 0.54453125 0.840625 0.0203125 0.0625