0 0.8484375 0.83671875 0.015625 0.028125
0 0.9265625 0.83671875 0.01796875 0.028125
0 0.81796875 0.83671875 0.0140625 0.028125
0 0.58515625 0.8375 0.015625 0.03359375
1 0.7390625 0.83125 0.015625 0.06953125
5 0.7703125 0.82890625 0.0234375 0.04375
4 0.87890625 0.83125 0.01796875 0.05859375
2 0.69375 0.83125 0.0234375 0.06953125
2 0.95703125 0.828125 0.01875 0.0640625
8 0.61640625 0.82890625 0.025 0.0625
2 0.66171875 0.83359375 0.0234375 0.07578125
2 0.46484375 0.83125 0.01796875 0.06953125
8 0.50859375 0.82890625 0.025 0.06640625
2 0.53984375 0.82890625 0.0203125 0.06953125