0 0.846875 0.84375 0.015625 0.0265625
0 0.5890625 0.83359375 0.01875 0.0375
0 0.69453125 0.8375 0.015625 0.03046875
0 0.8171875 0.84140625 0.01328125 0.0265625
1 0.73984375 0.83203125 0.015625 0.0640625
5 0.77109375 0.83203125 0.02265625 0.04140625
4 0.87734375 0.840625 0.01640625 0.0625
2 0.66484375 0.82890625 0.0203125 0.06953125
8 0.925 0.8375 0.0234375 0.05625
9 0.61953125 0.8265625 0.02265625 0.06796875
2 0.46875 0.821875 0.02265625 0.06640625
7 0.5109375 0.82265625 0.0296875 0.0640625
2 0.95390625 0.83984375 0.01875 0.06015625
6 0.54140625 0.8234375 0.02109375 0.06953125