0 0.87734375 0.8359375 0.02109375 0.03046875
0 0.8171875 0.83515625 0.015625 0.02421875
0 0.846875 0.8359375 0.0203125 0.03046875
5 0.77109375 0.82734375 0.02265625 0.04375
1 0.7390625 0.828125 0.01875 0.053125
1 0.61875 0.83125 0.01796875 0.06640625
4 0.69375 0.828125 0.01796875 0.05625
1 0.5875 0.8328125 0.01796875 0.06953125
1 0.6640625 0.83046875 0.01875 0.06015625
8 0.92265625 0.82578125 0.03125 0.05859375
7 0.51015625 0.828125 0.0296875 0.06015625
3 0.95546875 0.82578125 0.02734375 0.06640625
2 0.46640625 0.8328125 0.02265625 0.0625
6 0.54140625 0.82890625 0.02265625 0.06640625