0 0.65703125 0.8359375 0.01640625 0.03359375
0 0.8125 0.8390625 0.0203125 0.0359375
0 0.57890625 0.83359375 0.01328125 0.0375
1 0.734375 0.83125 0.02109375 0.06953125
1 0.6890625 0.828125 0.01796875 0.06796875
3 0.91875 0.83359375 0.02734375 0.0640625
5 0.76640625 0.83046875 0.02734375 0.0453125
2 0.875 0.83359375 0.02890625 0.0640625
2 0.6109375 0.82734375 0.025 0.0625
7 0.953125 0.8328125 0.034375 0.06640625
2 0.45703125 0.82421875 0.02109375 0.07578125
4 0.84296875 0.8328125 0.0234375 0.0546875
2 0.53359375 0.8265625 0.02109375 0.071875
8 0.5015625 0.82421875 0.025 0.071875