1 0.9390625 0.85078125 0.02109375 0.053125
0 0.57578125 0.8515625 0.015625 0.03203125
0 0.80234375 0.853125 0.01640625 0.0265625
1 0.725 0.84609375 0.01875 0.0625
1 0.64921875 0.8453125 0.0203125 0.06015625
3 0.90859375 0.84921875 0.0265625 0.06015625
1 0.6046875 0.84375 0.01875 0.0640625
2 0.45625 0.84453125 0.0203125 0.0625
2 0.68046875 0.84453125 0.025 0.05859375
3 0.86328125 0.846875 0.0265625 0.05625
8 0.4984375 0.84453125 0.0265625 0.06640625
2 0.83125 0.84609375 0.0203125 0.06640625
5 0.75546875 0.84453125 0.02265625 0.04375
2 0.53125 0.84453125 0.02109375 0.0625