0 0.81484375 0.86328125 0.0109375 0.02421875
0 0.84375 0.86484375 0.0109375 0.02421875
0 0.91640625 0.8671875 0.01171875 0.028125
0 0.59375 0.85078125 0.0109375 0.03046875
5 0.87265625 0.85625 0.01875 0.0375
1 0.6234375 0.84453125 0.01328125 0.06640625
1 0.74140625 0.85390625 0.015625 0.05859375
5 0.7703125 0.8546875 0.02109375 0.04140625
2 0.94453125 0.8578125 0.01796875 0.0625
2 0.5484375 0.83984375 0.01875 0.06796875
9 0.696875 0.84609375 0.01796875 0.05859375
2 0.47265625 0.83359375 0.01875 0.071875
8 0.51640625 0.8375 0.0234375 0.07578125
2 0.66796875 0.846875 0.01875 0.0640625