0 0.875 0.81953125 0.01640625 0.0359375
0 0.59375 0.81953125 0.01875 0.0359375
0 0.84140625 0.81796875 0.01875 0.0359375
5 0.7921875 0.809375 0.02734375 0.04921875
9 0.990625 0.809375 0.01875 0.06015625
6 0.90703125 0.80859375 0.02890625 0.05859375
2 0.67578125 0.8109375 0.02734375 0.0640625
2 0.54375 0.8125 0.0234375 0.06640625
6 0.709375 0.8078125 0.02890625 0.06015625
2 0.46328125 0.81328125 0.02109375 0.071875
8 0.5109375 0.8109375 0.02734375 0.06796875
1 0.7578125 0.8140625 0.02265625 0.06953125
7 0.95859375 0.8109375 0.03125 0.06796875
2 0.6265625 0.8125 0.02734375 0.06640625