0 0.57421875 0.859375 0.01328125 0.03203125
1 0.6515625 0.85546875 0.0140625 0.0625
0 0.8359375 0.87109375 0.01171875 0.028125
0 0.80546875 0.86953125 0.01328125 0.0265625
1 0.72890625 0.8609375 0.01640625 0.06640625
5 0.75859375 0.859375 0.0234375 0.04375
1 0.91328125 0.86484375 0.01875 0.06953125
4 0.528125 0.85078125 0.015625 0.06796875
5 0.496875 0.8484375 0.02265625 0.04375
1 0.60546875 0.853125 0.015625 0.06015625
2 0.94453125 0.86484375 0.02265625 0.05859375
5 0.86875 0.8625 0.02265625 0.053125
2 0.45390625 0.846875 0.01875 0.0640625
3 0.68125 0.8546875 0.025 0.0640625